[1.8886586325337231, 1.3705244036049198, 1.2157686689694116, 1.1060697524209788]
[1.415951161493111, 0.9695785434297939, 0.8924985335697184, 0.807406810974633]
[1.3946550327638603, 1.1773028170919797, 1.0756053455324424, 1.0839203442343568]
[1.8018537866544613, 1.1993100871810676, 1.0424225217850334, 0.9350178919714359]
[1.1373929848458513, 1.0815352460961327, 0.9522627082754155, 0.9082428305383801]
[1.8704396681820823, 1.2357680953608239, 1.024511644896888, 0.9416203453870314]
[1.6160001207218198, 0.9525558303148338, 0.8796408408114017, 0.8651728784405012]
[1.2045550667163993, 1.19868527064192, 1.0898558326343295, 1.143366310915137]
[1.460158559847655, 1.016886734625334, 1.033532499538308, 1.002469775156328]
[2.0100570119903045, 1.7734152121446232, 1.151662357712243, 1.0020523563736816]
[1.4733307543164669, 1.4616805153459844, 1.2860541814124742, 1.1325751106362167]
[2.005887337293952, 1.405021541174089, 1.1564686011444536, 1.0777723788668065]
[1.6815850930302938, 1.0992023418475434, 1.0923935768333177, 1.3917569838615544]
[1.1830060118432888, 1.1676782944980992, 1.0131101349919267, 1.08828598802577]
[1.249663470681199, 1.1903015793731193, 1.1682192693858873, 1.080405270129802]
[1.6648244988487049, 1.8183964563346622, 1.713106767244658, 1.5351410915134018]
[1.2279867120892933, 1.4027247893525774, 1.0927987292151888, 0.9984215311391739]
[1.749241179733885, 1.0756271338077452, 1.0561918953601868, 1.1497648107127147]
[1.4531768608323956, 1.154502264163128, 1.0163349139534774, 0.9221171972601148]
[1.0910664011251237, 1.074018074722211, 1.0011541526372643, 0.9738351992027644]
[1.5129449817480056, 0.9968761581804947, 0.9413019054114958, 0.8596260913243939]
[1.8683028518549079, 1.2336980436728453, 1.0155810669710543, 0.976861163684139]
[1.6903174845111053, 0.9878172822164107, 0.9311831074590209, 0.9436616519474371]
[1.3128717112232775, 1.130200023857357, 0.9671233284152002, 0.96194761356789]
[1.8775881060823807, 1.193828796172365, 1.0406503581793398, 0.9997546454231688]
[1.6168337278886094, 1.6368534943637034, 1.1655447415322304, 1.0778817611672733]
[1.3541574714662479, 1.082305943166516, 0.8577635499769211, 0.9844116141989]
[1.8095214067228638, 2.0619283684114666, 1.5053198874102125, 1.5622210280425792]
[1.2414119412492044, 1.0819583044849141, 0.8611051623540227, 0.8858245847775007]
[1.3269193744592218, 1.1080612067229303, 0.9324267165538195, 0.8591201871367569]
[1.4862949205971658, 1.7444131499230668, 0.6362269472585363, 0.6725180175890625]
[1.3691970946407914, 1.2393049678742094, 1.037951620111718, 0.978502675643725]
[1.371460543728779, 1.28078709820079, 1.0851245870405677, 1.0570969469582026]
[1.2016428471915128, 1.1094832836306234, 0.8927465476226394, 0.9139044747698255]
[1.3425691225923748, 1.1501612841662372, 1.0306881071724143, 1.00441545332766]
[1.5789222737487516, 0.955455478391777, 0.791733054244202, 0.7194236702964721]
[0.9551691145765804, 1.1164427369399803, 0.8491638272699886, 0.8566178327674329]
[1.3720412130058084, 1.2122143541068486, 1.1817609713213615, 1.136363751755503]
[1.2751874298559043, 1.251943972767928, 1.2087104535071793, 1.4128252474908722]
[1.3703191637395358, 1.1510416159876684, 1.009339251963945, 1.0835583793182804]
[1.6807507575219074, 1.3360890295309886, 0.9134777382244312, 0.8920286181142905]
[0.979043758231231, 1.007155857058616, 0.9756994269711424, 0.9080255170538402]
[1.8031408521291517, 1.7397898486952454, 1.44632984929132, 1.3580142669003963]
[1.4654067323610336, 2.0157700916011017, 1.2781294544783763, 1.1353746395928803]
[1.0415323806718177, 1.5166974861454148, 0.9742827559896421, 1.0752246377191381]
[1.3543182977094335, 0.9528996077020754, 0.8815697202089425, 1.0722474599304948]
[1.146511678874777, 1.2469914568918332, 1.1087040583099763, 1.0109594369191923]
[1.1483475843248663, 1.0408537849908597, 0.9179060410243384, 0.8252325254788946]
[1.602688293984577, 0.8895848087603044, 0.7053399856817502, 0.8814037303053815]
[1.2765017383280435, 0.8827124335809113, 0.8518730415188389, 0.8272504578786615]
[1.3365175455527611, 1.2490691639122673, 1.0892111556940922, 1.0250065973558453]
[1.2461427609195381, 1.1121078668786346, 0.9798267674477261, 1.016826954883134]
[1.2775196979895422, 1.1221900557001434, 0.9849700691669195, 1.0200941161135508]
[1.5895261399063645, 0.9655243273226704, 0.9963666701284951, 0.963667960140188]
[1.4011510582760631, 1.3631745415504288, 1.1000130011818747, 1.0686889894629308]
[1.2609829557240018, 1.1270415268342036, 0.9619733949353456, 1.0071048155946225]
[0.9429301497628049, 0.8990991545446224, 0.9070031525680307, 1.4884376998650233]
[1.3477459935875487, 1.228251447269351, 1.1005784163018133, 1.0660408213020547]
[0.755087354904302, 0.7691367847088167, 0.7590162534396727, 0.7948693475956423]
[2.0588600181144514, 1.243853913112982, 1.0340202698537377, 0.9797830076279231]
[1.5725058629103628, 1.701623634901486, 1.3133718695161902, 1.1814625109714672]
[1.4505373276280733, 1.0650786951389621, 0.9703199494228962, 1.1014506309431433]
[1.615475485780456, 1.817354570170305, 1.4034958460954616, 1.2310189020435884]
[0.7653143723816103, 0.7978124911388594, 0.746091416403961, 0.8545896501830745]
[1.0895861625704786, 1.1251712222975496, 1.0855731532658162, 1.0266498478529273]
[1.6148845595432773, 1.0490778574524908, 0.9560423331053949, 0.9808076546649801]
[1.2862263831614997, 0.9637068479163405, 0.8472611655430675, 0.8357627419000095]
[1.6327491697843055, 1.40590857222076, 1.1855095679051946, 1.1328637204413121]
[1.0475490607518656, 0.995673693469737, 0.8545581804152872, 0.9526301794740296]
[1.6683556429387032, 1.8253345322224042, 1.5115670114724384, 1.236708201453895]
[1.3197621361420881, 1.3219988672263534, 1.185023863369726, 1.0291290398440933]
[1.1713934207507244, 1.1169941350078874, 1.0221285209526911, 0.9890161301119905]
[1.2816890118019049, 1.5798784553585181, 1.1304357385693629, 1.1696219808258455]
[1.1177774955530078, 1.0562512760143496, 0.9962524770943577, 1.1056613482195743]
[1.440220882191048, 1.1807327516143997, 1.1274126463853555, 1.0411573433575958]
[1.2645690326878904, 1.2312746630544225, 1.1472080484921154, 1.0549832476901226]
[1.206597923444391, 1.0727907080608527, 0.9269927431335437, 0.9186812128230786]
[2.0181945987423964, 1.0748258098392904, 1.0678041370350806, 0.9202797444791271]
[1.3143175046009494, 1.1964626214192537, 1.0023525433667282, 0.9719996262938335]
[1.0698883049864127, 0.8702648898138459, 0.7625536808924613, 0.9218769258439939]
[1.7269635335444335, 1.1168614710554408, 1.1118545905135107, 1.5073195542510915]
[1.1126443229208638, 1.026885310145098, 0.9393309879268382, 1.4474937573885465]
[1.2187209258103908, 0.8316310767932177, 0.8614691777241648, 0.9061706551011188]
[1.4131469617806265, 1.1053077469178922, 1.0050277697507433, 1.0148949375505576]
[1.416312059815645, 1.07942861285871, 0.9555157112722623, 0.9597138993896928]
[1.2438260366200655, 1.3061764935157982, 1.0597713628699763, 1.0477214917071167]
[1.8474430734363179, 0.8708308172624734, 0.7878090804029553, 0.9659704984308731]
[1.3176148711481064, 1.0165476148311148, 0.912429429696081, 0.914710253026542]
[1.565552908270674, 1.6500988868633868, 1.4251883202250228, 1.2602865770515599]
[1.5490684504776384, 1.0853677182878556, 1.0240791101173652, 1.1337682823841748]
[1.8952376535332374, 2.2320175100451674, 1.3597268936243931, 1.2459686047655736]
[1.055827875931157, 1.0427703077346684, 0.898626227677551, 0.855780080042107]
[1.114324024693231, 1.0351123844108059, 0.9013093449128604, 1.012333457456523]
[1.7992292360861164, 1.1103906772721086, 1.0475562773662115, 1.0206743485354681]
[1.4592450806405206, 1.389346491643478, 1.1441382819850237, 1.0164991074824299]
[1.4448836797198343, 1.22972416247027, 1.1552543111919402, 1.3443759496789718]
[1.7613543828320315, 1.3016201867848987, 1.1161840063205444, 1.1224323980357218]
[1.8160993541915444, 1.2600780579953548, 1.0683338638959046, 1.0031558979759136]
[1.3983487244281325, 1.2448841435149212, 1.0492419431121922, 1.0375575099292123]
[1.1595948693222449, 0.8297870298854942, 0.7562438161851245, 0.7846947698545819]
[1.1990489011489376, 1.1060518915460285, 1.0630838435066212, 0.9940584413814242]
[1.258861683321753, 1.0259458975977807, 0.8460365819557948, 0.9310734454985944]
[1.4054244052494134, 0.831418087657203, 0.8253399355364717, 0.954375498066359]
[0.9863718289076291, 0.8877069948111249, 0.7529154663551103, 1.0521599189342363]
[1.330210907025331, 1.0617875834523203, 0.928250654435568, 0.9215969457150641]
[1.6197508196261752, 1.133446868165571, 0.9662437340129804, 1.0615580318444975]
[1.1758463130207168, 1.0847380768042225, 0.8755692051271009, 0.8152552776061974]
[1.089451294537024, 1.090210961627876, 0.9538501660952337, 0.9729562430637133]
[1.760941741768623, 1.1062209295274374, 0.9523993496695516, 0.8869348778951492]
[1.4832984761628, 1.0513814009777402, 0.937905203747887, 1.0289451471033784]
[1.1845595304136518, 1.1754264067165416, 0.9982095494321054, 0.9467960371377739]
[1.2566567576265064, 1.1743364603062236, 1.1112231608658532, 1.0263470038273408]
[1.284083509988305, 1.0502726527899289, 0.928538020533042, 0.9523640900944489]
[1.6752696593995222, 1.2903254106357298, 1.116752353044632, 1.1188009431190193]
[1.3846386417678598, 1.0047020785001608, 0.8899765158512131, 0.8701220554031674]
[1.4997857795766878, 1.2007966930302203, 1.004109253260359, 0.8906142659880949]
[1.162191153888873, 1.1340151287367035, 1.056340222919323, 1.0032399137506534]
[1.2801202149997128, 1.0165579396432842, 1.1595916522802554, 1.1494177335544429]
[1.6132294636378957, 1.292438682443581, 1.0699448131878286, 1.0735161551575398]
[1.6342806171483586, 1.3651346113659888, 1.083322805048548, 1.009673786982647]
[1.1829274602899758, 1.0398065650646446, 0.9065396523039039, 0.900187456464451]
[1.4702487010480627, 1.1652817396723993, 0.9423919149930206, 0.8984004957298047]
[1.2248704844556848, 1.1182978676182154, 1.0096873605398875, 1.0405752201114127]
[1.56937986822963, 1.2690116311222035, 1.0025338843925182, 0.9997848343070855]
[1.6217294774584452, 1.6413106416695358, 1.4687451287824138, 1.3099380901253252]
[1.7134535190691638, 1.4779747598246105, 1.1369621498006532, 1.0287956483416107]
[1.4742006685446927, 1.2403198732897325, 1.1270948036392037, 1.0352087073844907]
[1.422356033667349, 1.361069224387965, 1.1103433699299583, 0.9402444968342566]
[1.115200001940704, 1.0272053045338543, 0.9593583451958282, 0.9033616693688274]
[1.1612839413960858, 1.1109024727290775, 1.0387500782551702, 1.4240713291562732]
[1.3775086413836342, 1.1196902676195564, 0.9327623390386003, 1.0980452155722307]
[1.4089347243707169, 1.2595460818235726, 1.0663153171474264, 1.057756237942285]
[1.7084921080497733, 1.589577566663621, 1.2766128458068535, 1.1777478999304292]
[1.160733380471826, 1.0810879310648913, 1.0078068254227484, 0.990233117342481]
[1.7217583976011253, 1.3365477143985602, 1.1304494666883786, 1.0873383489582114]
[1.0900673162810004, 1.0662337703921263, 0.9885886381159478, 0.9096871035613895]
[1.4759063618997386, 1.0145128084773851, 0.885375063547878, 0.9640055130002175]
[1.1886152327735662, 1.0453475016321296, 0.8837767097194458, 0.8092699792822544]
[1.4874063547757825, 1.0952521755922133, 0.9059654058407534, 0.9099874581162385]
[1.3172190924756164, 1.0702994234533396, 0.8504561488415776, 0.9225131025954647]
[1.7903228725723284, 1.267922255827428, 1.0697802763417823, 0.9696446653876873]
[1.2303740897351725, 1.1225147726644584, 1.000445364155848, 1.0079842490385797]
[1.089304880084576, 1.006773969475663, 0.9606142948771474, 0.9337909525814785]
[1.2772209969190733, 0.8155450394958939, 0.7821032804315325, 0.7488790362004815]
[1.4324996358324285, 1.4938595381847646, 0.9555534763243038, 0.8866277176414956]
[1.2568388244607975, 1.2765246684771316, 1.1605478654405519, 1.0692014183158522]
[1.1421879852102619, 0.9821768748070885, 0.8562707537639936, 0.8522482563716737]
[1.4295916622231952, 0.9809432833031392, 1.0521493057127058, 1.432742405068535]
[1.6467413538681197, 1.2597232168045687, 1.1040751321864375, 1.0133075656340362]
[1.812394947822304, 1.4790579929484444, 1.167995696097458, 1.0961458122495282]
[1.3067863255114922, 1.0421648942129351, 0.9774092101189501, 0.9338724540389819]
[1.1855293794919586, 1.095514143615155, 1.006560110166868, 1.014381143496939]
[1.0795783574065911, 1.0213432370215794, 0.8900490647868363, 0.9699995433390505]
[1.119879858237024, 1.0261654196941967, 0.9046230737361126, 1.1129265839301583]
[1.1880001516295513, 1.0542968695734678, 0.9673706538332583, 0.9821735025098152]
[0.968210840771492, 1.0733984229732947, 1.0214219800619198, 1.0334227453102223]
[1.2697522845708789, 1.2794885335405415, 1.0492902803948105, 0.9079525530773414]
[1.864836364540637, 0.8312729564652412, 0.7943639616573102, 0.9041844892618498]
[1.46616774263238, 1.3337832149139428, 1.2586839674469408, 1.1866135550159145]
[1.1529442258361706, 0.9172688571733418, 0.7819139454300409, 0.8880039423944046]
[1.5690075783845305, 1.2598978631744464, 1.0853960853638533, 1.2309200200455142]
[1.7985510722474387, 0.9860255168314136, 0.9624343941061488, 1.0600152052621812]
[0.962703277044869, 0.8255979360778307, 0.8127098991095089, 0.8070309418102996]
[1.3183038673638534, 1.0791761987210435, 0.9775949861353036, 0.9523175104545424]
[1.9353821705729846, 1.3593835351531012, 1.283549431413067, 1.3284979569984663]
[1.602047712765238, 1.2505352120427948, 1.1452647076123064, 1.0409731108815934]
[1.4191124427605546, 1.4336495503433, 1.209750005121789, 1.073181453385176]
[1.2124664802891123, 1.0300409651704234, 0.9221233121124189, 0.964914083202921]
[1.8152682423613344, 1.9623405520652353, 1.3280163734560237, 1.2022858897466715]
[1.6720403776122992, 1.055583795681754, 0.9798912670494643, 0.9865039301059361]
[2.0218653517116527, 2.2152894037928568, 1.4550454817769092, 1.30822409481208]
[1.4361171495688045, 1.3154716548409637, 1.0610761502101032, 1.0114113806655878]
[0.8623505819191079, 0.9734620040143136, 0.8982930849821098, 0.9409656599108576]
[1.5466919591506094, 1.4890224002439931, 1.4836101083863766, 1.4075301504210334]
[1.339337908658568, 1.3661203822583834, 1.1358457723194109, 1.0749360405828963]
[0.95746933706254, 0.841930329626888, 0.8807663257194673, 0.9755419338314244]
[1.2247834704501241, 1.234104273021207, 1.1403846716247605, 1.0785795384971288]
[1.2062246274428414, 1.1540430240091075, 1.0345636720666478, 1.156054608634986]
[1.0873138260436515, 1.1009814103408246, 0.95585575987902, 1.0267964976105028]
[1.0203367392269156, 1.104532071279227, 0.8965807068583994, 0.996051614749987]
[1.5652074372312075, 0.7830121776730854, 0.7253879760360554, 0.7196813869126868]
[1.5796204416328155, 1.5258796008525055, 1.240259920259379, 1.1076255212357267]
[1.1651352915600326, 1.1750115791009421, 1.0155594187375208, 0.9024194667092057]
[0.8502222010323457, 0.9252345722808603, 0.802324639706453, 0.7742879338843279]
[1.50139928476877, 0.7953204791616698, 0.7236965376556044, 0.8325754790641383]
[1.2856265703606562, 0.9822290809939683, 0.9060546811757665, 0.9337159564627713]
[1.0909667150328541, 0.7879633144254509, 0.8335262848777168, 1.4996836697681293]
[1.5511653210942076, 1.32695698900961, 1.1124084240646566, 1.0001792355043866]
[0.982491204602788, 1.1698566121188148, 1.0923210798708722, 1.0383416503247858]
[1.1830657112778564, 1.0621490810119536, 1.0677955395478413, 1.0303212951939715]
[2.0145295961855654, 1.8435693159823392, 1.1049218012879696, 0.9100771803752984]
[1.4865144877271506, 1.2271856738398823, 1.1105041199226962, 1.034506107827651]
[1.6241498239414571, 1.2328813838248025, 1.1101208497913508, 1.0280738082045644]
[1.0563152252766062, 0.7945234773168096, 0.782325578768395, 0.799338462798525]
[1.1271719396272708, 1.0011023841202273, 0.9364206154870668, 0.9431232600510849]
[1.3448556154393336, 1.404056471561785, 1.0839321337611212, 1.029627928388566]
[1.2648603288341789, 0.7502185156993185, 0.48220827631061464, 0.648575911798454]
[1.186341430452281, 0.8971589844062212, 0.8445139053607494, 0.8294918865418237]
[1.1498584612377745, 0.8084593844588889, 0.886029508205442, 0.7916560542640889]
[1.3593549942948024, 1.2930103792685825, 1.2330069009917808, 1.1645736738023298]
[1.693428490010428, 0.9571583945385259, 0.9494884580951507, 1.0843660479749946]
[0.8367074867750507, 0.7655222854979472, 0.7510113682938406, 0.8590223548298285]
[1.3747749708989003, 1.334973110434731, 1.0822118229246636, 0.9549050692000236]
[1.75496051303304, 1.4870624349395416, 1.5311103525403846, 1.3605118105229137]
[1.245673180569435, 1.2032061050894947, 1.076194049116049, 1.0530342628339802]
[1.7664929210959504, 1.285303849344302, 1.2164937853111548, 1.0247233370269984]
[1.6639959698645823, 1.3921930457733962, 1.1655960450182552, 1.1079668491554053]
[1.6801123740683388, 2.103030025827006, 1.505045865089441, 1.3648898594349193]
[1.247466073097598, 1.0203628618047555, 0.9541093570794434, 0.9010419091843556]
[2.2530524302432573, 2.2296254135011893, 1.5798422655916105, 1.2047014974608552]
[1.069613621728567, 0.9099828292194562, 0.7822087523662821, 0.7530811083196675]
[1.8319783082209997, 1.2699835907702026, 1.1303335588914065, 1.082550182462609]
[1.0319723653640842, 1.0360544845472595, 1.052609418718358, 1.0431714322976608]
[1.0922729494790975, 0.8501920995767085, 0.7308753675426714, 0.7800098286494527]
[1.0081526719637535, 0.8729839405684606, 0.7927238021705891, 0.7837547429859495]
[1.2207474505723714, 1.9717703537223834, 1.0879627439799586, 1.0110665991763008]
[1.471659199256163, 1.1176093012758086, 1.0268384712988758, 0.9426793242536201]
[1.653997084598035, 1.200153247904917, 1.0144578809163391, 0.913104664419761]
[0.9525226743873243, 0.917102689959908, 0.8659407525719041, 0.8896440809198064]
[1.6011620584958883, 0.9726085422960774, 0.9119870515708607, 0.8801558743758321]
[1.266719891881323, 1.3504953397826862, 1.1176585523248175, 1.0800646926139421]
[1.5893673549817775, 1.5252344058766287, 1.17191957654833, 0.9828430074669109]
[1.2909321567719783, 1.0593716813864515, 1.0293637204969424, 1.0703077520963846]
[1.4659127666981324, 1.816799679656109, 1.2819601711675892, 1.2578182395847242]
[1.489870363655751, 0.9620720032563735, 0.9591348793461909, 1.0899126382521922]
[1.3172462538620924, 1.1897028447324565, 1.2146925369125465, 1.1719914589607308]
[0.9850086508818524, 0.859347889831937, 0.7500812061706095, 0.7837422238523286]
[1.3251402271324872, 1.1298815537297189, 1.1071643969259988, 1.0647348493769901]
[1.3264517791259847, 1.0943682836863766, 0.9952348262285167, 1.1167067195907965]
[0.7636724781182285, 0.5800427079772418, 0.48524723463290587, 0.6917863041243832]
[1.3931053458413352, 2.277235002300193, 1.345227043182698, 1.1759152730991989]
[1.7452916766320763, 1.153696449452697, 1.0464278945668062, 0.9349769577773417]
[1.9129447170934912, 1.395671612827931, 1.108164051116779, 1.008716184169575]
[1.3721835187345863, 0.9308375589780893, 0.8213736313100262, 0.799244976022022]
[1.1486019098459408, 1.0555525274992499, 0.9064265515337344, 1.064235747100768]
[1.1308751898488694, 0.9564094297697516, 0.927937211952865, 0.9367170198200198]
[1.3553188888296832, 1.4610601058223585, 1.4422251902387313, 1.3649591478831853]
[1.9428936485787813, 1.4686482178742764, 1.2191804581560601, 1.0676846804620657]
[1.28976626651713, 1.3114701885391908, 1.0490315507628876, 1.0946008021201972]
[1.376913525257347, 1.5938432531616924, 1.2738399358230226, 1.1695810036146255]
[1.1609864429193955, 0.884720702437024, 0.9432444400036597, 1.1664077231891694]
[1.5086443974863837, 1.090197502426113, 1.0239116078835784, 0.9394282250525873]
[1.1339781804763673, 0.8467235049971861, 0.7820952596390812, 0.7367386078758282]
[1.2642832064644036, 1.1825542537357587, 1.1341511491888492, 1.0900870728105376]
[1.2840750403436465, 0.9707930695758926, 0.7936819764850204, 0.9170906257471126]
[1.665779414105271, 1.2154027749701735, 0.9846973901591591, 0.9847926243207055]
[1.3352928503342703, 1.2664743707886479, 1.0644541345387755, 0.9961235805700493]
[1.16657219246957, 1.2370109089986472, 1.1014744285981848, 1.0289511627569161]
[0.9164469140492147, 0.6794898102797284, 0.67888964068219, 0.8562356672686564]
[1.133862129150369, 0.6746390609209225, 0.6853338804259431, 0.7305662565781988]
[1.4671318732062728, 1.3146033961808279, 1.2465761397386805, 1.07777250666068]
[1.1567882976546253, 1.475377760399772, 1.1574764575752043, 1.0463588400301316]
[1.7632853102229984, 1.011390515132464, 0.9327008520393569, 0.9091143540351306]
[1.3880044667841245, 1.405544234413034, 1.3486868164310835, 1.2888737255188403]
[1.2550711229577063, 1.0687171846384727, 0.9364364870151961, 0.9393314284227403]
[1.2192081686348613, 1.0412486491552204, 0.9258969553052475, 1.014766944212901]
[1.1824302863852185, 1.2748064748465457, 1.0258314273718037, 0.9924962349993488]
[1.1534772327937106, 1.2790418961033125, 1.1497895884471734, 1.0070347390720402]
[1.3379296392520854, 1.303139154348613, 1.1523515822372954, 1.3128110460738887]
[1.221226393253898, 1.5746052610460182, 1.2934514904044125, 1.1751800485628259]
[1.627939494902496, 1.2634291068138463, 1.1243479463973083, 1.0498340480239252]
[1.455229921993845, 1.1916396937026095, 0.8588371210547581, 0.8031692854129422]
[1.4424951099241565, 1.2037643595983532, 0.999995534694574, 0.9413230834712484]
[1.319467631736808, 1.190203126635585, 1.0813825415507408, 1.0370570953348204]
[1.1257721175322228, 1.3759726993389574, 1.0294513805250984, 0.9186004704088316]
[1.4193731050290208, 0.9076161614831108, 0.8868252082327039, 1.0023248474218365]
[0.9641510556818751, 1.093209592868865, 1.008511449304105, 1.0152574732733144]
[1.3759008497106995, 0.7230419419047053, 0.8096388559408061, 0.7208994742337287]
[0.9060715237835703, 0.6985175557196803, 0.739104832386497, 0.8766995385112193]
[1.577636069421246, 1.1092001583637023, 1.0354359472628711, 1.1505780600423032]
[1.3126827192509771, 2.026714217022602, 1.1281425721650058, 1.0491420023486018]
[1.389441501242179, 1.249767100215046, 1.0688645459446755, 1.0236852742496219]
[1.9235210183267655, 1.184468537135484, 1.0098289543200096, 0.9959929741785167]
[1.9663823021744606, 2.0122282889295913, 1.7760237409246138, 1.4281731694380668]
[1.589770107199982, 1.0072510286393146, 0.9523632303683319, 1.006343593426903]
[1.4633954219961591, 0.9210883294670964, 0.7904652316563742, 0.8056151673751194]
[1.3972030136235325, 1.1215710055344497, 0.9919744725607839, 0.9391788802829674]
[1.2445499375038032, 0.7308675216337217, 0.7527891157539863, 0.723760567891571]
[1.027359112545357, 1.0195133263729221, 0.9004846219091364, 1.0732437959547292]
[1.2640720861705517, 1.2500248414558457, 1.1812897443119814, 1.2452424955910346]
[1.208350473532606, 1.244605399870954, 1.288149813246124, 1.340901635209737]
[1.926906364873719, 2.1086809430007825, 1.566909998235067, 1.3727348585105028]
[0.6679048156170544, 0.8710607368441302, 0.8158393647108612, 0.8251133762077991]
[1.8699380458671684, 0.9623276952058446, 0.9914934103914106, 1.2052863930878452]
[1.8895040398026477, 1.3265732336014155, 1.0560611554918158, 1.056247138835053]
[1.372346312833015, 1.0935330198575406, 0.9795331869865268, 0.9804219870202497]
[1.580037039543024, 1.0035543261502926, 0.7565634964493622, 0.8653355705301231]
[1.530627137398987, 1.3095476573473912, 1.1478142096207735, 1.0341069438752335]
[1.0329342461803561, 0.8041948508812508, 0.7824338621418346, 0.8029036185268664]
[1.3935969109456938, 1.5471863434715785, 1.2328641489556764, 1.0474542673912852]
[1.203768484504859, 0.9473979583655598, 0.7526548723271564, 0.8287616605434451]
[1.5955629564425038, 1.5054587891569169, 0.9933370518894425, 0.9459791805845662]
[1.390658842739453, 1.5266347278371524, 0.8610517062395445, 0.9193090441530749]
[1.8657514396030008, 1.1660217338954182, 1.0099628159234721, 0.975971240152661]
[1.536095039843645, 1.2934250305374808, 1.1589731610891871, 1.0631544108563982]
[1.5872506839136158, 1.3042550123291083, 0.8814667632873204, 0.8730757023471142]
[1.0804811314819218, 0.8008234496681023, 0.7675792404619153, 0.7880157442155288]
[1.8128405265301757, 1.1417739803961933, 1.0268313032552578, 0.9416950458101654]
[1.6578965894939814, 1.1968352272534155, 0.9559725883467051, 1.0507151829877335]
[1.3313249453765188, 1.1767718851170041, 1.0494468580524299, 1.281218869381037]
[1.439763731021544, 1.5288713822158224, 1.3208607080046801, 1.1695284543800435]
[1.2189187508744412, 1.2437075401318243, 1.0557061180931828, 0.9292224680259789]
[1.0926690914774928, 1.0810018101530923, 0.978424159618264, 0.983128751790667]
[1.3745960967396382, 1.1418806534538781, 0.9474055565150054, 1.0228957474073292]
[1.5097886676192567, 1.2773114679358963, 1.1079854670780473, 1.032508692231214]
[1.0212171637896381, 0.9096679022825119, 0.8609074847618331, 0.8473477853016154]
[1.6663813578821058, 1.432218739029517, 1.1689668600165781, 1.055189760181646]
[1.2274538763293015, 1.164570816846847, 0.9699335404758389, 0.8991225624263847]
[1.7329247209173055, 1.9017504382467525, 1.3160444778387597, 1.1350248567276389]
[1.544402924386088, 1.705344070986244, 1.298187522322375, 1.098978540464683]
[1.229458230079915, 1.0676150692933977, 0.9343515786522381, 0.9586312189070353]
[1.7609654212789534, 1.254165051122678, 1.104934878572392, 0.981404719253984]
[2.023579211942183, 1.6752863811949321, 1.3561654694712513, 1.369658605101876]
[1.224242433286597, 0.972299171875262, 1.1393568429687606, 1.5766263879009457]
[1.5644175658206658, 1.3062989850027695, 1.044366433244247, 0.9586565839971124]
[1.8004790564472848, 1.1092541341092759, 1.012459840590687, 0.9650512346916823]
[1.455979045299452, 1.1795448079216873, 0.9979853107531814, 0.9943670456637105]
[1.2630635045469847, 1.016702180342063, 0.905790569033834, 0.9918578103988175]
[1.607897271109572, 1.3739150664055817, 1.256998878638064, 1.3692045949397225]
[1.8246892250842082, 1.078297257315637, 0.9956802872038448, 0.9018118754704637]
[1.3229062185920009, 1.350220114927922, 1.0779448745679634, 1.016553328309803]
[1.6513222146515227, 1.3622958108042258, 1.1664017669833284, 1.0648488358594868]
[1.3427790828680832, 1.0732310509085246, 1.0158336912450985, 0.9636628638097057]
[1.4462174916846293, 0.9868630439210497, 0.9182485315395659, 0.903504824481199]
[1.7906431471750623, 1.3124069637732008, 1.104204023446454, 0.9930863279341882]
[1.2846175225857692, 1.1939272803079994, 1.0346497897896594, 0.968601029768976]
[1.2275715383480268, 1.1094862034231423, 0.9715365873329854, 0.9774839202030207]
[1.6738273205440188, 1.2579282829034466, 1.1376035576662609, 1.0787551423343529]
[1.1561662778084982, 1.1262977261891367, 0.9963946696331877, 1.0072884021861044]
[1.1571667119002136, 0.9520932850019619, 0.8862753587533142, 0.8533834462247325]
[1.7160788979190338, 1.1963670044265766, 1.0041749073483448, 0.9479392489437408]
[1.5527009661659796, 1.3333366640172482, 1.1428428792720378, 1.0103706200715898]
[1.644491909507652, 1.1836386034645467, 1.0304709492353785, 1.011763068015653]
[1.1372983572073954, 0.798722493719652, 0.7562625681860778, 0.7443444837649358]
[1.391196501522667, 1.1098251544775413, 0.934014778044192, 0.9607146864337953]
[1.9475464668366427, 2.119932172127366, 2.0088866736677087, 1.741049988286598]
[1.3843541693347088, 1.304555887447778, 1.1229274211316573, 1.099132593176087]
[1.3931503181214524, 1.3569085586292418, 1.2700524573802183, 1.2249357560721996]
[1.5896227095350646, 1.5361793372511567, 1.3984991334894805, 1.3875271460169654]
[1.3649862417514969, 1.1609404661586722, 0.9473694525501958, 0.9460133697069019]
[1.7487063429094163, 0.8389244568189302, 0.8026257981233162, 0.8270241329642704]
[1.8795957178571319, 1.3399128325941099, 1.3159149910229884, 1.2099691957263892]
[1.4963255287768142, 1.617838657720712, 1.2932340801447308, 1.1683245948809258]
[1.3082899202634364, 1.25520186443696, 1.0386268906419416, 1.064802671306464]
[1.724837804669536, 1.1820318054031356, 1.0865273070183987, 0.9885254535782261]
[1.7301624539376124, 1.25050532606092, 1.1153653539085049, 0.9782737962753536]
[1.5001104780817456, 0.6565284476179026, 0.712099138135742, 0.7363513332559822]
[1.085917142954014, 0.9294564439452072, 0.8754250876108564, 1.016372288817895]
[1.1766328312592609, 1.0502350507403793, 1.0468276906137841, 0.9474095443511011]
[1.7661165005743342, 1.344713089824716, 1.144023898609351, 1.0765039550185664]
[1.5240234904014571, 1.2381659482970537, 1.1313323085180382, 1.0494786187298322]
[1.0094932532802825, 1.0132452897498907, 0.9925622060765465, 0.9762118460214719]
[1.1697411221785083, 1.2518771559138369, 1.0776751827979367, 0.9343213222136105]
[1.543597003964458, 1.2413698960993451, 1.1095402527120837, 0.9962456428839034]
[1.2813314688810196, 1.2122759440901223, 1.1930616013353483, 1.1169248035792623]
[1.1278743505913906, 1.1345698461658251, 1.0875950468529514, 1.2758371660685148]
[1.4001724405472575, 1.4564422049795707, 1.2360177026160364, 1.1395983204561915]
[1.071799796215921, 1.307723692447809, 0.7723221468934991, 0.7685254231701605]
[1.4679562345888724, 0.9418238871097546, 0.8835893179026091, 0.954576411189769]
[1.3523798583189923, 1.0907835695086763, 1.1081071897375792, 1.1111924693882407]
[1.418214671163959, 1.1972619881948545, 1.0793329964813185, 1.1595241928093818]
[1.5941772679075956, 1.0100988263104358, 1.007580262892532, 0.9404205227375816]
[1.8082907437550277, 0.7923323543564665, 0.7407486494435449, 0.7755786517751273]
[1.0688450250817358, 1.0767591148387325, 0.9084664828580379, 0.8925409295495891]
[1.7845925686096893, 1.3682452796471305, 1.167181142552766, 1.140130448636367]
[1.680835214008188, 1.0872977477288852, 0.9153874588560245, 0.8446259035655796]
[1.3023168429441068, 1.3059351749770063, 1.201912787992243, 1.201373758333525]
[1.5059814874122583, 1.5482569604026175, 1.3105786190828967, 1.109211150387955]
[1.132757564929159, 1.136886347783441, 1.183052567983089, 1.120331106835082]
[1.7035162275487625, 1.0767458027158479, 1.0900400957231022, 1.2129690776374156]
[1.4969755851413957, 1.2360930567522492, 0.9832840730233735, 0.9767726261641414]
[1.028990414525136, 0.9082804433776959, 0.8545080765925753, 1.1143412198657618]
[1.653331997939827, 1.3020304790889923, 1.0931627932770491, 0.933720965261899]
[1.2439228801789524, 1.1116866567724346, 0.982516348580486, 0.8767776983580196]
[1.2153175175666706, 1.1813514865333063, 1.1831818756900667, 1.12018584382676]
[1.1172470206336256, 0.9039297579908077, 0.8412446955852175, 0.8493087334089675]
[1.2198597108635512, 0.9508963531423538, 0.7475149449146415, 0.7782975597343617]
[0.7032406622352441, 0.8341818630259065, 0.8156710005426555, 0.8570095932863372]
[1.9940738155255169, 1.298647128015789, 1.211324715918126, 1.0160524707228737]
[1.8896676403139971, 1.141640090671378, 0.9737242846437872, 0.9368932228785124]
[1.7490258562404701, 1.9251696043287583, 2.042112292465619, 2.0384561776202292]
[1.7258148499637853, 1.2925507113181598, 1.1461238941492637, 1.0471054649011236]
[1.4960565654845925, 1.2497734124294706, 1.0952843380515662, 1.1199166749962062]
[0.8469986136195418, 1.367531185907035, 0.9381860749208951, 0.8750629228969796]
[1.8652605195346517, 1.2886959541109737, 1.1853194708604762, 1.195762138199004]
[1.5342054932618197, 1.1544078977207741, 1.103147206972624, 1.0961014243036]
[1.8911357169045033, 1.2646721149684514, 1.2119709647285875, 1.060483386528304]
[1.5290083956923508, 1.0781664668265065, 0.9172395720898481, 0.9658225124040207]
[1.1072820915310495, 0.9634854466833446, 0.802874567508509, 0.9285009904220026]
[0.7536013460933191, 0.7656969897030125, 0.616022782687212, 0.7255810341294833]
[1.3316708141010667, 1.1325941698153679, 1.1365032558847177, 1.1244472498598879]
[1.2907056967900337, 1.0156159702838456, 0.9170702475424619, 0.8738222017559468]
[1.1199186311393508, 1.1726563138267971, 0.9763367025886542, 0.9347440807840466]
[1.5784267618624004, 1.2479251838972427, 1.0618887868809836, 0.9999936859053994]
[1.7985884306483506, 1.034387864107721, 0.9710401412183796, 0.9610614941002291]
[1.3193751600300492, 1.154609136712401, 1.0125142196573227, 0.9430826923540733]
[1.4812892319079278, 1.1059567981044658, 1.0702402203652959, 1.068800646941736]
[1.17474146307856, 1.021788976327317, 0.8769737319585296, 1.019601169603228]
[1.319293091800304, 1.6669891354443196, 1.2675882402394558, 1.0648562443561393]
[1.4038345808972148, 1.1582639751956856, 0.9698602132824581, 0.9363333530692883]
[1.4548697751441035, 0.8367074224456789, 0.7321033459421848, 0.7038901212230027]
[2.0653297218083213, 1.6216640871218584, 1.4674778834121833, 1.191634171956038]
[1.4895070508156603, 1.2379678199312474, 0.8728146829562694, 0.971096645107427]
[1.5643676079284763, 0.9473644813177619, 0.81866760429435, 0.8522058408343984]
[1.5347581009446012, 1.0376295925374575, 0.9263258803950464, 1.0788209391480048]
[1.1129306740102685, 0.9891857447645616, 0.8314502759066907, 0.8059026302627875]
[1.5882217866717, 1.4384906588949553, 1.2246942864179509, 1.1205657201560084]
[1.3440539567732117, 1.2860321639158871, 1.1240928651288749, 1.0837992890763049]
[1.6623915071752018, 1.4354862255032566, 1.1684487904414762, 1.0903202538941248]
[1.724408000240073, 1.7023251849010106, 1.2284873122139541, 0.9664999171926354]
[1.578991119639739, 1.0379122463661665, 0.8446208129040668, 0.8145934491381538]
[1.8547540791211166, 1.1419921865849159, 1.0481366916015251, 0.8912325351930517]
[1.365797765448987, 1.1718335396134767, 1.0146838372913667, 0.9957480603496073]
[1.084704410197045, 0.9479777398861133, 0.8817320074874242, 0.9799594390715156]
[1.3428462139350923, 1.2059060254695388, 0.9614738233614617, 1.001685205154394]
[1.769199199595226, 1.0844612194074448, 1.0281099750347662, 0.983257968501082]
[1.6290705966986958, 1.4085564567413427, 1.2864695320654986, 1.095910821482274]
[1.2672061686194809, 0.8372735320993239, 0.8445981525283176, 0.8541337132589879]
[1.2310922146985888, 1.0964646745670905, 1.0291726438078026, 1.0093486816569315]
[1.1510748189464408, 1.052174899553662, 0.9729517493885051, 1.0492150435450667]
[1.5426932219200056, 1.2351944506067172, 1.0596496334050365, 1.1265901951651214]
[1.4848418911739647, 1.2241010196229518, 1.151739760172024, 0.9753489343735101]
[1.0698713493683027, 1.0545571049023699, 1.0411282081340882, 1.016805157254025]
[1.4495340542254882, 1.3678684936958756, 1.156953549127494, 1.096321535825182]
[1.8649168862827414, 1.2337691724037696, 1.0481270666739244, 1.043074883855264]
[1.7876086987619804, 0.9822791212900722, 0.8133565247998809, 0.9029932711161006]
[1.2921539424180608, 1.031210561219783, 1.0070762883534308, 1.0171309537847666]
[0.9531000134481872, 0.8799346365027831, 0.8854207148249472, 1.0164653383321303]
[1.3793016230278434, 1.0959252679175728, 1.0151630375982483, 0.9037195449726869]
[1.3549577321278303, 1.289185625377334, 1.1668146837084505, 1.2199897476135295]
[1.3071235020406995, 1.1128971244867156, 0.9765678055669883, 0.9068531930870002]
[1.3428016321682688, 1.2297755582223031, 1.1614066561726633, 1.125757809982094]
[1.8735893871802138, 1.2841429287776174, 1.1054034797951044, 1.0281912960638329]
[1.7796539743191417, 1.191054434740794, 1.0147475380441742, 0.898151135660045]
[1.619451337542177, 1.8617079698730763, 1.428993982251761, 1.2783724641063727]
[1.4676864895227408, 1.610682273108198, 1.507129698420502, 1.1996122806631528]
[1.7333569899448842, 1.3094493513355063, 1.1852031968689272, 1.0498000300290755]
[1.6247077886696528, 1.4482537746187243, 1.077220110009091, 0.9102216236322992]
[1.2663656199035214, 1.2049689091464446, 1.028132968132408, 1.0033711349405783]
[1.2470031641913513, 1.478469484028394, 1.008575773692244, 0.9412028288515434]
[1.4418965518448115, 1.1651759293887411, 1.0519048334128975, 1.04586466196149]
[1.3285773121109867, 1.1969804406106426, 0.9478987359761879, 0.945196758724543]
[1.2429042789234834, 1.3081281761689127, 1.2810622084444647, 1.4483716130246032]
[1.2745654523822125, 1.3622950095558204, 1.1202580891040763, 1.0733437686732772]
[1.4558097382346096, 1.2764523680254642, 1.3847461473474598, 1.8486492223800177]
[1.0846046684957356, 0.8756638071949188, 0.8570712426015484, 0.8150190194924507]
[0.8716332296892643, 0.8734293356280444, 0.7677015542391153, 0.764450997019832]
[1.3800070604750498, 1.216944063458459, 1.1934884160832782, 1.1407906204918166]
[1.1015734012547373, 1.4629672163436105, 1.251186668554691, 1.1435267679066747]
[1.076734763969129, 0.7631444097524926, 0.6325778924445457, 0.6714509901320825]
[1.627069654739718, 1.1366859166973675, 1.0679180376493382, 0.9879953933782417]
[1.2025132705374306, 0.9284844648855992, 0.996736376270981, 1.0053748310260455]
[1.7564221280267756, 1.6946161812456593, 1.4233422980142139, 1.3241034392368463]
[1.477116322441577, 1.267307251397657, 1.152460675305673, 1.08675977225104]
[1.7373476476465248, 2.154574615734588, 1.4810633843951093, 1.3782467352977872]
[1.3510489812117072, 1.2089744789387409, 1.0006824763252635, 1.1841745970950206]
[1.7841450745747158, 1.069337339861293, 0.9762053310326242, 0.8886795036019327]
[0.8793524676041942, 1.0507904658539073, 0.8479338436626853, 0.8024959716531275]
[1.562356194797475, 1.277466820900228, 1.1544295707904564, 1.0465071186369523]
[0.8474453323016552, 0.9592124714367091, 0.9394001434459025, 0.9400733245993027]
[0.795173392679821, 0.7741663512617474, 0.7549968671154874, 0.7941222915267162]
[0.9757161791645552, 0.864544612879744, 0.8028197703617188, 1.1748791339053355]
[1.6171841893024559, 1.0932345733683593, 1.0354495332109555, 0.9739926464543672]
[1.4362150078469038, 0.8480913334423973, 0.8544510007910456, 0.8061855818988467]
[1.788669772564416, 1.2945939857068252, 1.119796617243844, 0.9762531234278748]
[1.3976590058807257, 1.2176638184969464, 1.108135561043784, 1.0255233068001635]
[1.377399361144873, 1.1759288566976613, 0.9906660391763309, 1.0082573626854758]
[1.3239341951625476, 1.0704551875104404, 0.9632347298474813, 0.9462774891320296]
[1.2895857851841417, 0.7926776480673925, 0.7872852245413272, 0.7407939701600673]
[1.4204854987220286, 1.1777241871628592, 1.0404154149911318, 1.0297899080389008]
[1.4541168713389643, 1.351991080017977, 1.2719366096605749, 1.1427767625025418]
[1.5156249697360704, 1.149756387397373, 1.0625982929666422, 1.031502860654407]
[1.403045208251622, 1.0431750966889342, 0.9759528495419038, 1.0054211169993879]
[1.2380718332571083, 1.3248859538168754, 0.9755079752336725, 0.8873789859897427]
[1.4163387110296601, 1.2589996094434068, 1.1403042180742249, 1.040942163687594]
[1.2780814710034865, 0.8587830160056309, 0.7289874507889711, 0.8559563227512493]
[1.26108606477761, 1.1003876382843907, 0.9558698435511265, 0.9007741081242178]
[1.2808287750449998, 1.216726467118387, 1.1053940716364663, 1.0585962562626803]
[1.5940776085740844, 1.057557746122074, 1.0034132428552385, 0.8905810574489845]
[1.627978722770655, 1.1783628526182246, 1.0506747221878288, 0.9725458251681546]
[1.1137895411772087, 0.9939109711027878, 0.9645236138034462, 0.9435046986534539]
[1.5512771472470428, 1.1144359280695426, 0.9281559895392173, 0.8874254788424744]
[1.2137861327139923, 1.0191415323910564, 1.0194693302912379, 1.538783975633654]
[1.3514871365238958, 1.3463595766936363, 1.148340241268529, 1.1328439815776536]
[1.459957779569273, 1.5435681244051882, 1.4695886113814138, 1.4029305374683263]
[1.2893329010165675, 1.351505640539181, 1.3017917925356124, 1.2723415554487523]
[1.442553193506009, 1.1544797718238744, 1.0791025986074763, 0.9975614944921879]
[1.7057233740756694, 1.3267488169166648, 1.1186600467188006, 1.0651966217979159]
[1.5172059178799264, 1.235425382641115, 1.1975858416269398, 1.1639931926858555]
[1.4197557566217587, 1.2127302529647832, 1.1127951773692386, 1.0524187224538657]
[1.3814175564561744, 1.3672396911229632, 1.0979387206272972, 1.1097878868689173]
[1.48797910907532, 1.2737921191843913, 1.0913815434434269, 1.0208253012318578]
[1.7474727185595875, 1.1139581662583447, 1.019356715444823, 0.9439441049418786]
[1.888042426224949, 1.2737214559787613, 1.1245087702194603, 0.9882091659482296]
[0.8062012524392457, 0.8556544518448114, 0.7585030929695467, 0.8753378941246135]
[1.769324786946713, 1.3484254890774507, 1.1657979372173175, 1.0379761892077142]
[1.3522883274588295, 1.3017773008192373, 1.0533284421577018, 0.9424865908385721]
[1.6741873390617366, 0.9552486382557349, 0.8584698996304744, 0.8772808379474142]
[1.6000869730323717, 1.5505542874448026, 1.2640667478811347, 1.1176758209397595]
[1.7281024503439946, 1.0827274498642352, 0.9594847346710627, 0.9603335924381758]
[1.1689642186941909, 0.9948059449091948, 0.8920611335739437, 0.9176884100041074]
[1.1489828321325406, 1.1987383590163285, 1.1551319439794496, 1.1674288629273397]
[1.0096217659827267, 1.0421541137992971, 0.8844970409074525, 0.7982273756700983]
[1.6852190575616324, 0.9552617010025409, 0.9985619517027948, 0.9752037503980618]
[1.0435875506721897, 0.8862978521927353, 0.8062624401516634, 0.9422834376206757]
[1.1346985810875476, 0.9793481642795206, 0.819884702330971, 0.8211855595491495]
[1.6737325187875614, 1.1249041870007939, 0.9704529897864103, 0.9475071897682067]
[1.0620111224524276, 0.7200764348743498, 0.7138251032934395, 0.6805099295007623]
[1.293126774372318, 1.1982584335717805, 1.145145717678685, 1.1882216198310374]
[1.0636936057007649, 1.4989546845892907, 1.0030916800217877, 1.0147996827396424]
[2.0945878434193013, 2.5128442784372425, 2.610142035820835, 2.1391181280025844]
[1.2462276660251685, 0.9651282411860449, 0.95468202592918, 1.1063283023313235]
[1.6113268579930093, 1.0159599522380278, 0.8511179865062957, 0.9587384092609905]
[1.370899952409519, 1.1329330696761264, 0.9873372399819415, 0.9358446868761384]
[1.6294788394556181, 0.9962096545551181, 0.9658290691830739, 0.9917760269486897]
[1.2927238670643557, 1.0737922987096842, 0.973827871786891, 0.8888264607129073]
[1.5942976762790284, 1.2183271298762444, 1.0462935757908984, 1.0562855583700999]
[1.1770106459171406, 0.9079880723095727, 0.7869079606267569, 0.78465273091781]
[1.018403196250453, 1.1965296594553463, 1.0608400931590334, 0.9931500825769882]
[0.8909527480857549, 0.8283170853004146, 0.8042997264054902, 1.3133958059731532]
[1.3977863451987613, 1.3940582709182499, 1.1477727371607462, 1.0073952998409073]
[1.5234265209950837, 1.0172400846510028, 0.9383655659173957, 0.8429837183169384]
[1.3545431409475162, 1.2888890330655647, 1.0055759160640068, 1.0393845105686679]
[0.9585825051436756, 0.833824139050811, 0.8820386464419451, 0.9330647611297077]
[1.2616804086748081, 0.9517748014155016, 0.7613025051229559, 0.8529504803083731]
[1.8448167861466152, 1.103262209288974, 0.9810289084075756, 0.9925818623721964]
[1.1259161297179636, 1.0659669657557105, 0.9059626464281038, 0.9727647540985953]
[1.327552592799262, 1.0250178496244273, 0.8390728286855316, 0.8142748409632111]
[1.1194865132274634, 0.6933642626878034, 0.6017540106489285, 0.5951089995702189]
[1.298822310102127, 1.0981450061830758, 1.0379442594379695, 0.9980624786277069]
[1.469073332941502, 0.8848398190679153, 0.7919695026765814, 0.8222935884552638]
[1.5327726583839314, 1.5987524269101712, 1.4422163229069547, 1.2715260016379335]
[1.628529178617062, 1.447755729925942, 1.2023362249668677, 1.0737687049410785]
[1.4722914516942849, 1.3018395943963876, 1.1740787982954275, 1.0317044222506446]
[1.9625495287992765, 1.2538946840709657, 1.0220665281068075, 0.9591682083555395]
[1.0789368809269686, 1.02621411016397, 1.012535076201461, 0.9793398371066702]
[1.801316904829214, 1.253484468330769, 1.0005945811168526, 0.9135962050874366]
[1.9726209690305128, 1.5822380273842214, 1.2893262969941919, 1.097286125419533]
[1.2384251223073708, 0.9935175581589007, 0.8485334190712693, 0.9174384161722077]
[1.0838155440660264, 1.0480938688737538, 0.9648469918307542, 1.1085430548014088]
[1.4723588011346653, 1.056423267802272, 0.9554332057123539, 1.1247143865555722]
[1.1663498256648681, 0.9471794175648433, 0.9104728087285862, 1.0306961584273362]
[1.3478678018901114, 1.3113859163521682, 1.1038436775198064, 1.0572645677300962]
[1.172914663987829, 1.465325929537857, 1.073448713051703, 0.9294789757378281]
[1.3169239361141698, 1.0716300158469991, 1.0295798866459374, 0.9274942143877856]
[1.2989948630402472, 1.794302152068621, 1.617524029099534, 1.5629146344920566]
[1.3506215898321556, 1.102694177885446, 1.0491369349332402, 0.9931506725131614]
[1.4612181859350666, 1.3397605186202963, 1.1211833300905496, 1.0074134885722892]
[1.8333656539598597, 0.9398142528269072, 0.8963542132555927, 0.8730625175491241]
[1.454559259803111, 1.3894687992485906, 1.0603228685719766, 0.9996778893201075]
[1.2257210364616362, 1.0555871176517218, 0.9515101910287488, 0.8676561412686356]
[1.5365265044597485, 1.262824004040877, 1.0826872162740044, 1.0227847520248938]
[1.1312474599589346, 1.021562237868809, 0.9770929933210608, 1.217459037494154]
[1.1804893291909326, 1.2112863174831827, 1.172984168232557, 1.0880744967576645]
[1.3234850405363272, 1.1800556576109011, 1.025456766542691, 1.0030584364268227]
[1.6503925254156393, 1.4214128160813346, 1.2742769876904472, 1.1385079151926962]
[1.8842429514809145, 1.1570947717787305, 1.028214322539348, 0.9419963662357294]
[1.2240888071352927, 1.1688653551255022, 1.0530880949882007, 1.0143858073272096]
[1.2268456952038749, 1.1502709526589279, 1.027089068378083, 0.9612474039159711]
[1.2351515767012669, 1.1258940071256414, 1.1531648846247615, 1.3153161130118998]
[1.2823001205278262, 1.1416942262366998, 1.042931071671723, 0.9732887806373383]
[1.6064095912231229, 1.524862621030589, 1.2612115867703415, 1.1947774869471217]
[1.4443511129401823, 1.2578956919350959, 1.1432281562059374, 1.1329441527333928]
[1.5711134444438017, 1.6770527350502493, 1.5192096191662738, 1.3889312324096033]
[1.3199977663197076, 1.0932484299226857, 0.9685507567165342, 1.0170241551293302]
[1.1449322083569087, 1.0476263745175802, 0.9179548982490816, 1.0274941777565545]
[1.8834850269114578, 1.2472038883097036, 1.1191697849011668, 1.0142060294767097]
[1.444133363613987, 1.1663569224961465, 1.0465226095745688, 0.9674624073339978]
[1.1031771639081913, 1.2667528126935341, 0.9608790061023925, 1.0295102201096686]
[1.7812144962886134, 1.1693792321125118, 0.9993079204798456, 0.9394928331690543]
[1.4091120007474545, 0.9624088490747054, 0.8547325514404988, 0.8615856889146748]
[1.0304648632118962, 1.1762307140019561, 0.9002304924128353, 0.8814561298831084]
[1.4120816674129235, 1.1024248172732671, 1.0138311891759348, 1.005198149247543]
[1.3493037011691351, 1.3990377458288634, 0.8612396962015633, 0.955323255883074]
[1.4918929502545064, 1.1676677466579493, 0.9652719139833822, 0.8934365078738383]
[1.226235977013103, 1.091509663929164, 0.9948794642012806, 0.9789569712206526]
[1.4958613635343565, 1.1080849634028156, 1.0148697633628292, 1.0158593962605136]
[1.2710665677408302, 1.1381791785804003, 1.0639956692984789, 1.0088219591893997]
[1.726387879892845, 1.2630065203307768, 1.0463929685962303, 1.0534824062616774]
[1.1524808738288483, 0.9708408107100575, 0.8484953208360525, 0.924920321981533]
[0.9607638224633457, 1.0072203132921829, 0.9518341001508099, 0.9893300433031087]
[1.8034188548080727, 1.329472334410026, 1.240895353759944, 1.172413528574575]
[1.0252021199631092, 1.0389250456270822, 0.947205525083773, 0.8895788262545858]
[1.6560815043390833, 1.3817166372317993, 1.180249614066964, 1.0087162434001475]
[1.3528836625874683, 0.9127317420772599, 0.9279442010913743, 0.8731215717482238]
[1.603596366544039, 1.8387892584561285, 1.0709174256610556, 1.036953480569025]
[1.7455824466889962, 0.9941316621012227, 0.9332278321815398, 0.9511529355182108]
[1.5807411094674206, 1.2829754088467202, 1.0184516705377678, 0.9552196255789203]
[1.2316343957072502, 0.88357453367521, 0.9263628240825417, 1.390805196947562]
[1.2773305462447082, 1.1803227015124809, 1.0850404436966032, 1.0236750585284122]
[1.5942111590228134, 1.1441835229586899, 0.9345696814496159, 0.9380466785771328]
[1.213155749053679, 1.312490996873612, 0.9402420375586737, 0.8835425728194963]
[1.0429167306306228, 0.8554952955722968, 0.7496098892030272, 1.0782732151666332]
[1.3383487258159208, 1.2317084705753658, 1.151317994302351, 1.1064375530858341]
[1.0823061240044094, 0.9531827686703402, 0.9563027872829292, 0.9398994391638911]
[1.5110816510696894, 0.8733907499294251, 0.8294832269627503, 0.8029521141409907]
[1.267093886199382, 1.0337642127725997, 0.9019709002485328, 0.8652375068908569]
[1.2950766074588933, 1.1749951934126304, 1.120959251750889, 1.1812577113458973]
[1.392780561631332, 0.8401054583887831, 0.7108655024750392, 0.8672148322933964]
[1.3221140007740604, 1.3584355623269968, 1.1537518853981445, 1.0965220562298152]
[0.9691955794946897, 0.9253424771044193, 0.8426836082806813, 0.8235662426341601]
[0.9206513185287464, 1.0203189816505702, 0.8007585525212682, 0.736363714310597]
[1.5928498874138428, 1.7998756210754607, 1.2048263892077906, 1.0800893198434445]
[1.5682656361351461, 1.2955529263953534, 1.0960624234329306, 0.9329018448785451]
[1.3116111370032355, 1.1963309054652191, 1.0564996712514647, 1.3721556286921492]
[1.2146301218373416, 1.0095497287621826, 0.8807355031983991, 0.9329651081723591]
[1.4053944603345827, 1.1262370683243936, 1.0406591659924769, 0.9448111855742666]
[1.6284725147359136, 1.4782141730062361, 1.1375673559122745, 1.0092932998113981]
[1.222951848236666, 1.3326085040415436, 1.1482999696289746, 1.0792563141475802]
[1.041353181519478, 1.1189723081211775, 0.9729682428412322, 0.9796110556501254]
[1.9677403332998051, 1.3455212435907766, 1.1019668404491498, 0.960808901423167]
[1.2660082804390065, 0.9620582035651651, 0.7963374221704198, 0.9772561908219974]
[1.2775664193525238, 1.025622540442077, 0.9038558949880653, 0.9813416956823439]
[1.465046515727974, 1.3133886830186603, 1.1568798333715233, 1.064036571457201]
[1.4564364999074157, 1.1515799259329509, 1.074261581284635, 1.0852635173403462]
[0.9342319228956482, 0.7637322587651614, 0.6919617606771912, 0.7587483191334314]
[1.4988402773749385, 1.2046454893984317, 1.0898401747625042, 1.0204556162107934]
[0.8801136913563544, 0.9873952303938353, 0.8400074985245756, 0.8613146738659756]
[1.7290461936358246, 1.1622621160878486, 0.977972719624808, 0.9430770782455283]
[1.7186188262419348, 1.1813694115865168, 1.0857708098942291, 0.9523712680131853]
[1.2762247884911089, 1.4441977740296514, 1.1814431249534765, 1.1436008391216193]
[1.670690550956508, 1.1881429449213918, 1.064652530579365, 1.02147409975456]
[1.1293925429669227, 0.7950976469819333, 0.7233961727620748, 0.7128230659093592]
[1.3152400497349848, 1.0498817824655604, 0.9110529958678256, 1.0073847531343552]
[1.781405948392973, 1.540264974193672, 1.4077339732760779, 1.3690133368052169]
[1.3514896497966453, 0.9830849911011494, 0.8628651480037152, 0.845076588829337]
[1.2868576568569492, 0.9700964566883924, 0.8988451994250165, 1.078405639904031]
[1.4195609555308684, 1.0103219081848864, 0.9626596155336632, 0.8449000646135868]
[1.7726766847640971, 1.0382855340676445, 0.9507334244787501, 0.8248621495495699]
[1.6790150749031678, 2.3163889571653558, 1.4561082215986463, 1.2080707001631574]
[1.1397377665438222, 0.8527344913071411, 0.7472613258337636, 0.9531480030685706]
[1.1989511163408961, 1.2928864565759155, 1.0394990372234334, 0.9197708640014243]
[1.058496123981756, 0.9119710697478756, 0.7440666051423441, 0.8283893742725388]
[1.2760122750601137, 1.0432707545710904, 0.9380144319841625, 0.9045303609744674]
[1.101800356687433, 1.1461405133970228, 0.9960453794910556, 1.0012371124051893]
[0.7484023723345504, 0.76393379279345, 0.7178872209555585, 0.7986869094359147]
[1.3335125399026588, 1.714341810831716, 1.4121872418844623, 1.2182128607592173]
[2.0427423456633136, 1.0703737764199308, 0.9541259825808285, 0.9558525469066504]
[1.704282356712, 1.1319240453911277, 1.1846620362763292, 1.551380975522873]
[0.9940547273284744, 0.9368579923563914, 0.7601149743446702, 0.8075907188276932]
[1.1190656213396457, 0.8090976805451304, 0.7237169188148359, 0.854143065309063]
[1.755150324020134, 1.5912236716947465, 1.5053613444789529, 1.5869454722976]
[1.2252647965053203, 1.0181825393004087, 0.9302412598284143, 0.8901170361320663]
[1.6202995043280508, 0.9790220716385972, 1.0232986371013146, 0.9901775770219892]
[1.1152885175306222, 1.0008097195815835, 0.9527690276593086, 1.4750609097127654]
[1.2780689353985957, 1.0884632145128228, 0.99241180305643, 0.9856857794303712]
[1.5924724687033838, 1.2811053253689597, 1.214351272377254, 1.0787067511209987]
[1.105893525475825, 1.0285732000523395, 0.9457498371983278, 0.8947602214966316]
[0.9779490192524357, 1.4786291370162743, 0.9565304540327073, 0.9010623442475935]
[1.4568385867594131, 1.21268883759978, 1.0989170548669613, 1.0490364885630736]
[1.5589550087258046, 1.5336221157474743, 1.3317327996824715, 1.3328421069375305]
[1.7323572785569845, 1.5236745488865562, 1.3392568760600727, 1.1230272507366184]
[1.1892260619903032, 0.8821143581111758, 0.9078193007888825, 0.8789318357433489]
[1.4613480413174675, 0.9027689898498265, 0.9488117096112522, 0.9034033736461359]
[1.5482440950002878, 0.9926543006801443, 0.8684183538028345, 0.8622432928943208]
[1.3585114613942717, 1.3088419213273763, 1.167518984370741, 1.1346838964643953]
[0.7660141101099525, 0.8163585502111596, 0.7550262875472717, 0.714773892092176]
[1.5940357557423113, 1.2933593883602312, 1.1327147645726283, 1.0599936909549894]
[1.8676872275171212, 1.2793563376907195, 1.1193887042555246, 1.0459464789314947]
[1.64700015917214, 1.4628254481443455, 1.270583184997895, 1.1914289685595254]
[1.5238152732862302, 0.9621947733523513, 0.7827001586040158, 0.8136301524394677]
[1.168505666045591, 1.0640085715819396, 1.144783136085647, 1.2981552224773243]
[1.4771114339096931, 1.3559919317395537, 1.1400209416814395, 1.12355585899954]
[1.7581574584611916, 1.382097450503352, 1.1567888275384004, 1.1833028428714252]
[1.2562735267676612, 1.0038486467348857, 0.9202909377808115, 0.9711359266935178]
[1.2247132005192052, 1.2565763190081842, 1.3123401116669262, 1.4038537400371045]
[1.3895842115892811, 1.311285812862688, 1.1475140988790395, 1.081940118523975]
[1.077164704861799, 1.001869015050976, 1.0282918872878108, 1.070863830332687]
[1.14343147614947, 1.136295039002471, 1.001123134641614, 0.9639292006687034]
[0.9194749852627021, 0.617521171054534, 0.5687818712161566, 0.6037386398560123]
[1.5029519083742469, 1.3554423535318585, 1.1961035858379157, 1.12147085699085]
[1.2681252998894046, 1.6108804640214758, 0.8172703048614951, 0.8180761450262211]
[1.4422722293258696, 1.2395302525994327, 1.0696441314630094, 1.0528753661816392]
[1.3618762806148885, 1.2844692137910436, 1.1935636051773841, 1.2301340923162272]
[1.2730354752551594, 1.4947262635389607, 0.8843310816002788, 0.7842990798405268]
[1.5049837937672568, 1.1941893668413959, 1.0698221480054846, 0.9868107232755307]
[0.9603613643746539, 0.9147553731894447, 0.87511199472277, 0.8677249577491858]
[1.5290920874629341, 1.2409284780899195, 1.126483461432943, 1.0461851154042008]
