[2.2338770848155294, 2.5058789235078645, 2.3545639663597577, 2.008230497037384]
[2.059940469806182, 2.2580721156589854, 2.1737773653760746, 1.951843531367675]
[2.2814947986730654, 2.6861128485098127, 2.6342887411673632, 2.112734501074994]
[2.164624182040876, 2.3650567299846106, 2.304772410211801, 2.014314967266709]
[2.2355658496291717, 2.442671382564434, 2.2766111824588458, 1.8904497316880782]
[2.2687216476335244, 2.651053489576606, 2.70556980132534, 2.3405159017944994]
[2.2006012426499266, 2.3377634361855275, 2.3036242677647447, 1.9528212754703551]
[2.080908429955007, 2.3486100375272967, 2.406801696010473, 1.9949959430786675]
[2.1778737585878374, 2.4404547915211903, 2.3561196084090894, 1.9891783062296922]
[2.2053255345576175, 2.401670897496767, 2.312078743632771, 2.01153989975217]
[1.9911937880609476, 2.1893946605384578, 2.1493117176385605, 1.9493856159176421]
[2.0913583845724695, 2.294715415027008, 2.2187951533784704, 1.8527659164928243]
[2.098902670692699, 2.3363500667954598, 2.339445524383171, 1.955242258423019]
[2.0513604282177265, 2.265902323474199, 2.2355018291896016, 1.9262560660176498]
[2.0376902846004437, 2.254755146639453, 2.2039296421845256, 1.886564094080427]
[2.073861548804773, 2.278815007973937, 2.2853077384519156, 1.9924862263162841]
[1.9976061964451037, 2.2123545086194447, 2.19507269060693, 1.9061631039696505]
[2.1190148823559305, 2.402688004706849, 2.499112645852199, 2.0665942040365963]
[2.200075900583489, 2.5539039539326462, 2.4717568810337673, 2.0663765587669016]
[2.0880964913008295, 2.3016235595437684, 2.277491203011197, 1.9452040405723987]
[2.147446988688211, 2.3644266052193283, 2.3081127712747223, 1.9935343239526744]
[2.198457167793696, 2.4634591535199393, 2.3823439124854806, 2.0409423431481057]
[2.06384726011052, 2.2207885894423414, 2.1102424947954233, 1.9262199878861122]
[2.2112940021115564, 2.3962481519510037, 2.3311654829656905, 2.022958965075385]
[1.9710910425714272, 2.1409265171665615, 2.0913182964034274, 1.8356629235344832]
[1.9873134579338205, 2.222251792357076, 2.1401694694701727, 1.8405152044414064]
[1.985670579168732, 2.228395286491339, 2.1949992512465086, 1.8930208924277818]
[2.031008256453003, 2.24243584398831, 2.2077905754812543, 1.9256427697193053]
[2.1289960078557515, 2.390053743806252, 2.360584211636966, 1.9940963980385762]
[1.9883782858467305, 2.2550744093826722, 2.255483067174826, 1.9472260032385067]
[2.0340401072328267, 2.3932977077687108, 2.386953766530527, 2.0182511720362024]
[2.058417507599076, 2.3243524618314173, 2.285583180246101, 1.9212668362684426]
[2.049822724455127, 2.284127599023882, 2.2103704769530115, 1.887564218170804]
[2.2116215522056657, 2.3561828968219816, 2.3108876986041165, 1.9685994111241745]
[2.0433604744515965, 2.3163557849826253, 2.318603994284637, 1.9920546048832073]
[2.1470203890878357, 2.503988864107011, 2.485885027127821, 2.118459679730947]
[2.0129033932377327, 2.1247089878286953, 2.047352679677319, 1.8527435050605945]
[2.217430558959735, 2.4372964494037204, 2.3882637996237084, 2.1044168344012597]
[1.6896041987370827, 1.6570580381332816, 1.7000500767919489, 1.7866775979160423]
[2.231842471601728, 2.3879015685307374, 2.260334824928786, 1.9508624157888403]
[2.1123169998884364, 2.4076256976345283, 2.399759061601461, 2.0200332994570673]
[1.9264749231873288, 2.1142168171832236, 2.0588331015863632, 1.8364203235982095]
[2.0075389138783875, 2.643906587144464, 2.742383944684173, 2.1678436924090447]
[2.4927399223511233, 2.7770703165931843, 2.5151964679870926, 2.061408686485258]
[2.2884184262201326, 2.5976758614998103, 2.4410482403739, 1.9902055588611223]
[2.0757816336247013, 2.2435953124485892, 2.1595666809770364, 1.8891062846320086]
[2.2249999940187872, 2.4683378944554395, 2.4149046766255293, 2.005266189061873]
[2.2103876628721, 2.5652329902375612, 2.5485625672445464, 2.03326526896208]
[1.90376802716134, 2.1181013591773628, 2.0914499525925736, 1.8206616278987822]
[1.5691639854478006, 1.5197152939671394, 1.595032574152135, 1.7391903549514287]
[1.9163087614578749, 2.1165089148767944, 2.0594008806514785, 1.813777612508418]
[2.158947129528497, 2.400848580958225, 2.315868664337415, 1.9562304525349936]
[2.2881931819103034, 2.5711641401493486, 2.4640399278718115, 2.140623210928952]
[1.9837430105280323, 2.2102364105217474, 2.148278593785969, 1.8518549341290185]
[2.0659849878056002, 2.300356257296881, 2.2467745548701887, 1.9866502222627018]
[2.1695219827008794, 2.451486949469015, 2.394846486430239, 1.9572536237085658]
[2.338150774542537, 2.5057980949722216, 2.3303309493273745, 2.056150530178624]
[2.0459272356874982, 2.198184896790707, 2.130319813734084, 1.872413729969879]
[2.437842752452348, 3.1923795051919166, 3.3179976281606125, 2.590862483608465]
[2.0960998936919895, 2.3237382259947665, 2.2624546534785486, 1.9336497964727912]
[1.9753043279818314, 2.0983913116491393, 2.0362761858841583, 1.8139248097498468]
[2.0783690246884388, 2.2466425394183225, 2.2797625656486735, 1.9483131275580716]
[2.294647228821336, 2.4386685795274943, 2.2818540804801226, 1.9536811952821769]
[1.841964683915357, 1.880254372205001, 1.8359642853283342, 1.6858569672559274]
[2.22917830360783, 2.516096506470097, 2.4313756933226682, 2.023090792195358]
[2.054437385286882, 2.271506068949605, 2.223998924396983, 1.9030848301217904]
[2.226308733309626, 2.461908313915984, 2.328853112347335, 1.9542490693674806]
[2.2110554364203323, 2.5125216789938345, 2.4981699056255398, 2.060541582986929]
[2.1063109794930215, 2.384834809933232, 2.3378708212553905, 1.9995266907110858]
[2.143170271643553, 2.3950349416083556, 2.344803174227843, 2.032303258828329]
[2.1714866296767434, 2.49775310457922, 2.4263635233935545, 2.059043346103129]
[2.169968379704761, 2.4990349930331552, 2.414518062291978, 2.0044740457831187]
[2.2158222549921605, 2.510103538063151, 2.5139094097446346, 2.0828637876119833]
[2.00071839669446, 2.210471051357232, 2.1765262396178096, 1.926921543735109]
[2.333686794684259, 2.6726463669986265, 2.640836376148083, 2.1979287148702658]
[2.1588496247051965, 2.3936720919574084, 2.3592719073483237, 1.994798427200206]
[2.1559783980591813, 2.402542221554281, 2.318065774692858, 1.9329798147246282]
[2.0424715282094907, 2.3377517891426076, 2.3777759515162815, 2.019708524114502]
[2.3950648298222323, 2.5605602614294622, 2.3599341509339036, 1.8840288564853014]
[2.061551617638476, 2.3917596304075666, 2.4434774370873633, 2.1015906682653083]
[2.1772642948938126, 2.4093122944613836, 2.34105026227623, 1.944856602741925]
[2.0428954682382887, 2.3486322030195192, 2.274739906435998, 1.9598208601370486]
[2.1697896346687013, 2.4483265399359038, 2.3536181851834237, 1.969919634646859]
[2.404382829159912, 2.8357400232838375, 2.5937004619379413, 2.0827940312669617]
[2.160780681286136, 2.4538152950182632, 2.396268808362921, 2.065801574037743]
[2.3822805621223204, 2.559890141654797, 2.388649865084768, 1.9455646568665346]
[2.0275799670341126, 2.3955272741724754, 2.4541927409650555, 2.083760979718883]
[2.1205027735151183, 2.386204113479205, 2.390885852349916, 2.00910447120049]
[2.2123441991574095, 2.5223158342878294, 2.3973820779066326, 1.9060328454303035]
[2.0448928610926353, 2.3537848568924606, 2.306923106272537, 1.9209298246577837]
[2.1775858023112953, 2.4943319054942097, 2.390767482547021, 2.011732685842887]
[2.25049187777913, 2.597413815210598, 2.478692220488771, 2.0177264188352626]
[2.13454687199989, 2.334802347128014, 2.2517247484548135, 1.959279975970589]
[2.0872515759715893, 2.3231916443382, 2.3370724282665862, 2.0030767870863984]
[2.212835293937905, 2.3652001470088426, 2.2965825257792325, 1.9555900305841696]
[2.079598007785211, 2.233547598266119, 2.252061964058413, 2.049034217938961]
[2.1196074714216495, 2.3413280024779626, 2.2988461130641307, 2.0032805992101927]
[2.0776387904856883, 2.257672495738371, 2.2006944344010293, 1.8663819505997492]
[2.160201327956779, 2.391900355763759, 2.3387538144045186, 1.9748109850893205]
[2.0473809893156343, 2.3330856300545735, 2.3403134908506544, 2.019692551124381]
[1.889631406841292, 2.071528281601561, 2.1324583285668, 1.925270624436312]
[2.2305612460279964, 2.5498003744815296, 2.4921844392237045, 2.0409014356821555]
[2.2716865323671707, 2.595477079681753, 2.530465499832181, 2.064892492057279]
[2.0264051076223724, 2.327367022630981, 2.2596546579917014, 1.8774271334596382]
[1.9145329447168857, 2.0130556682822207, 2.0047729143882447, 1.8625946409860883]
[2.98680303200486, 3.846007255188451, 3.52843593600325, 2.4666728017838153]
[1.9459071490752518, 2.1755609787513053, 2.1401924856754158, 1.8221809988856705]
[2.2934149503212797, 2.536915735288077, 2.3866589449686235, 1.9415828823333492]
[2.115810354353914, 2.357452825891331, 2.353115150342395, 1.904961273070511]
[2.257785009958926, 2.518419158282949, 2.452995820273196, 2.201886878799425]
[1.9878625012272495, 2.306380890775953, 2.3188833743801975, 2.004306622890686]
[2.0304714432768813, 2.341276439726293, 2.3326867244205123, 1.985134740496075]
[1.9751727999709667, 2.09396119897828, 2.0418577915523466, 1.8185949903027712]
[2.2612720360776466, 2.387661976769807, 2.270959583821378, 1.9961245232239855]
[2.2456911454419246, 2.4024936380526385, 2.2154336586249435, 1.8983593360041728]
[2.189574959997297, 2.4492324816976137, 2.3491735089086965, 2.009521177484775]
[2.0187163074398278, 2.1625561043975012, 2.138380556301355, 1.968242030397369]
[2.6093178654947202, 3.1129159560285666, 2.8873360871178715, 2.2491850067682435]
[2.0700319701227126, 2.323856702875285, 2.383899421644684, 2.0889046342675472]
[2.1254355469537227, 2.3236950011004938, 2.283483162878778, 2.030128209942293]
[2.1246413704521188, 2.3519841220012236, 2.2572639479517567, 1.9247134524799883]
[2.3823651425905528, 2.840038783604392, 2.705087034105983, 2.150993328740104]
[1.9997936475713989, 2.2181624687434884, 2.2027226654520464, 1.9140414163471031]
[2.1034036558963987, 2.253178419501968, 2.160966069868092, 1.8887237310453184]
[2.1170554973114952, 2.418551352498437, 2.362606668614184, 1.9681464493829646]
[2.089572277609642, 2.3465676651425196, 2.3463631271062337, 2.049185280963642]
[2.059823922337934, 2.463202718513897, 2.4317837324112372, 1.9640504167005883]
[2.070827475044569, 2.235276155212162, 2.219676855420156, 1.996984302095078]
[2.1034146981286255, 2.3944005308742775, 2.310326664772471, 1.9004728047375257]
[2.1187049701829546, 2.3468329468006486, 2.3094846264394167, 1.9218340860457155]
[2.030615820557308, 2.2240327900710515, 2.203158885103263, 1.9459623153117847]
[2.6622445940077735, 3.3405249394123238, 2.9974169314000254, 2.2777362477671974]
[2.0145771889507706, 2.147872421464905, 2.0960466615943627, 1.8811336215253982]
[2.050662184888222, 2.2246040156400406, 2.189830574387757, 1.903801807391518]
[2.422453634805425, 2.604882876902229, 2.4503877094090494, 2.039348238809112]
[2.055209367506416, 2.211542803888854, 2.166753581868056, 1.898488274179903]
[2.039973978294045, 2.231618307687307, 2.166191680890421, 1.9379746018400419]
[3.1101627422574656, 3.9646590974586053, 3.4479660328839814, 2.40103366545062]
[2.150572830355816, 2.3827211400908035, 2.3295029736852504, 2.012365795829969]
[2.0871306898805586, 2.311448257562618, 2.2606304126814125, 1.9203042210512289]
[2.0833418464626368, 2.3555722981985943, 2.2840236442661137, 1.9542198065804606]
[2.2332855123757236, 2.470719554711225, 2.4009183123544875, 2.0279068726382334]
[2.023840531160269, 2.3217206685540663, 2.297952105490819, 1.9382238563737426]
[2.312582720156719, 2.5470707574906073, 2.432735433022486, 1.9865234214168288]
[1.991891670369098, 2.1331091702198006, 2.1493583791756383, 1.9456960314367704]
[2.1748777287392733, 2.5410463310227818, 2.546880197626695, 2.1051953602425204]
[2.0667090107829877, 2.2823791960679913, 2.2592750765167895, 1.9513279014219682]
[2.147045689500627, 2.4260541808592415, 2.3836221060656144, 1.9983380346547834]
[2.1566223663258834, 2.4695936875977704, 2.424170849934928, 2.2235294127725984]
[2.0643153853167804, 2.3220520418659016, 2.26599176082858, 1.915308306215803]
[2.0530273690839485, 2.169910261166292, 2.1013864472582426, 1.9153951009060335]
[2.6283702659920247, 3.0209617097846984, 2.6825300787825146, 1.9562205520882623]
[2.050745135930741, 2.381001893537875, 2.3883330169170476, 1.9896904070799906]
[1.8434115498422043, 2.0384067073231424, 2.0231127904374198, 1.7808929245660692]
[2.5670183535779643, 2.8753567991316586, 2.7213923676751683, 2.1369695674433724]
[2.2432296986511364, 2.552837554462159, 2.5397072139917714, 2.081726379029487]
[2.074619092664254, 2.3487472871607613, 2.3109560981727864, 1.9778303726763127]
[2.177685510716339, 2.7766598666076594, 2.7570426132502694, 2.194248775145185]
[2.426136014844654, 2.5015793519106144, 2.3244275341426115, 2.080646917567506]
[2.2276987883820367, 2.2689454305235164, 2.163100127702373, 1.937799023598803]
[2.00660110704184, 2.24563380520502, 2.226433974294896, 1.9225385017695715]
[2.1240781489966896, 2.300309399155115, 2.314699615732135, 2.086675482613947]
[2.07595541911974, 2.2269498576531968, 2.134728132268261, 1.933859271534606]
[2.003130829131814, 2.1702390617549776, 2.121630943488505, 1.8834411742155288]
[1.9616169639405563, 2.1073530788222197, 2.0432285232123024, 1.7997932045904461]
[2.117088834791074, 2.438231955127017, 2.376023434678946, 2.0255832667918336]
[2.0370892278922588, 2.2953085354287133, 2.3039878823810516, 1.9966190514390394]
[2.2280543583169305, 2.534071437138101, 2.460670244882418, 2.1459114247507225]
[2.1900456060973825, 2.438647918977696, 2.345343931537884, 1.9717382297985393]
[2.0197975293161106, 2.1870716736364484, 2.1658849508685623, 1.9180457701155236]
[2.2583444505494845, 2.457813067779023, 2.3538697805026585, 1.9542972120191233]
[2.1359765143494003, 2.3995749937612, 2.355351209673587, 1.9956624122784836]
[2.0308334375558723, 2.3738911510700906, 2.4276802298608464, 2.1298684693749848]
[2.241947875000265, 2.4426609340295733, 2.3448661021826718, 2.0059080193531784]
[2.3340923554911805, 2.5963111176815192, 2.4239088548152403, 2.025565354249415]
[2.0027989652211833, 2.2581344077794356, 2.24518264573785, 1.9274940612155924]
[2.0319511552899585, 2.3188202057502285, 2.261529644236307, 1.912878366352292]
[2.3625436608313666, 2.5310313609071513, 2.356783622943534, 2.0019743076914276]
[2.098118457713563, 2.349901621313933, 2.289560891363373, 1.9521921501960293]
[2.1106248055027144, 2.423876425339166, 2.3788977195122536, 1.9934389280752027]
[1.995474597740373, 2.261398545771733, 2.241513122222438, 1.9316013553333393]
[2.073667477652591, 2.336767028299088, 2.3024710721921555, 1.9545584522498611]
[2.3361321192677407, 2.5903416856024224, 2.397702615681323, 1.9724584549267432]
[2.4173320601355, 2.8387216705261578, 2.6494814534402646, 2.060803768055789]
[2.1678767746595757, 2.412543894943738, 2.363778755311336, 1.9922365733639114]
[2.382114249252396, 2.666922927708616, 2.447691279263824, 1.9570838688772565]
[2.1101661345532885, 2.3053856030364757, 2.237272350675966, 1.911634690905627]
[2.090483627176603, 2.3273665063153697, 2.2586277454214754, 1.8707673069208006]
[2.218863118768892, 2.4916142597715765, 2.3945330531292224, 1.935025193714646]
[2.149842465837137, 2.3769969316555177, 2.3478441174849793, 2.0305029581272533]
[2.148587673849603, 2.3872034769848955, 2.2171929217515363, 1.9509177779964617]
[2.1854601490384002, 2.4084770281894166, 2.348889828723828, 2.005290253470974]
[2.135024219889431, 2.316569858111638, 2.1887890679595245, 1.830515448324024]
[1.699520638736465, 1.9380387656037144, 2.001418720607809, 1.8458630504719429]
[2.174613455578468, 2.3814938951321802, 2.359370708284666, 1.9920503169248442]
[2.1639496199169956, 2.5059701078215575, 2.4625763288546048, 2.067240149552285]
[2.188106226664528, 2.322200149426918, 2.2348411818197143, 1.9707530706464804]
[2.0789271651480594, 2.2540571412285844, 2.208158507000936, 1.9051695331080947]
[2.0026244394697272, 2.221156367571013, 2.2666815935483213, 1.9201193458657062]
[1.9819301947843817, 2.204321074020758, 2.176197026716485, 1.9162483665963852]
[2.0452764473972493, 2.217655209955534, 2.216068806312119, 1.9535176118630626]
[1.975328727489834, 2.267995981156981, 2.232515183678605, 1.9254399763818]
[2.2330029708915404, 2.5195613131887096, 2.4525060586267866, 2.0046978338023362]
[2.2976599894897007, 2.4135140900470895, 2.2923928933476847, 2.0331763773868317]
[2.047365968312877, 2.272434373009771, 2.227631107717306, 1.9083155811390158]
[2.2406583232990256, 2.437806771675521, 2.3296346334041496, 1.942144641078776]
[2.0900217116762625, 2.2949243172798397, 2.23909164567435, 1.9262477369147732]
[2.1244059218485027, 2.3411653431873374, 2.323379950637433, 2.025539292938556]
[2.061876056855204, 2.23074008015849, 2.234033171856009, 1.9974566375429839]
[2.1712571310072337, 2.4315704064230133, 2.286533094643078, 1.846582153145597]
[2.161773522018664, 2.3903884857009507, 2.329918709993527, 1.9643671388814221]
[1.9126536323552066, 2.1440846682352053, 2.13261967506376, 1.9184198054054589]
[2.1423602937915294, 2.3955503576988075, 2.340393656281657, 1.9615057985161894]
[2.1639259621607243, 2.4293169744348972, 2.3980695991911913, 2.0612147487037595]
[2.0980222288330364, 2.3071509972233932, 2.242763915734871, 1.9825814765292513]
[2.1635848105714532, 2.407028948891009, 2.354896180935519, 1.9383887806285047]
[2.0417030639260636, 2.2831564175544488, 2.199665523190241, 1.9307921774558594]
[2.0189263150905283, 2.3064651066130186, 2.27756984305966, 1.9495907734253923]
[2.443647718296807, 2.6259624368503336, 2.424460133870831, 2.0512644042508694]
[1.921994473069947, 2.135984669354146, 2.117783631853414, 1.8675653320098662]
[2.2708748107889574, 2.629703103823577, 2.5730332413959016, 2.0839016272594404]
[2.1730569117573135, 2.476747015015375, 2.400165545071838, 1.9664739160296]
[2.293803159580488, 2.561716787098482, 2.5140750108108816, 2.2213439998020386]
[2.118633222816164, 2.339136715939776, 2.300588865303541, 1.9703085399915865]
[2.1559008319803827, 2.396702357770694, 2.2451471664412375, 1.8570553522163034]
[2.0820950492949524, 2.298856837882116, 2.258768230632581, 1.9249030498507844]
[2.0757052745255273, 2.267145076280084, 2.172194471079756, 1.8891090687176846]
[2.18191330116862, 2.3517890395069263, 2.243476857965459, 1.8958354100060004]
[2.062839759106731, 2.2584214838178256, 2.2200919694331627, 1.9323756280813216]
[2.0153198193074857, 2.205807262359673, 2.1714488870618616, 1.8926912921890493]
[2.285538578527033, 2.5596872127155983, 2.488076075971569, 2.0340784249477752]
[2.094573289421708, 2.240842312246123, 2.160561847956581, 1.9257989304605143]
[2.2395271174959688, 2.4334368664666393, 2.263286962124081, 1.8589894368095101]
[2.181648805757858, 2.585887625379875, 2.546775580310292, 2.138263716229473]
[2.177411020271336, 2.520979290448618, 2.496140108027367, 2.0286085695408413]
[2.2202571711843504, 2.5755617646878095, 2.4711488240879866, 2.1414878666192982]
[2.056493174711545, 2.3225804248224837, 2.2707610423982634, 1.927438356829206]
[2.0197085211430568, 2.335273864581942, 2.3400575760925033, 2.030443356991377]
[1.8866781901204772, 1.9997951228743744, 1.9439939393177392, 1.7300183786321826]
[2.081490790030135, 2.28003991048879, 2.2253703815682018, 1.8536161353375977]
[2.1999008984074067, 2.4096351105745444, 2.3357997699601922, 1.9401127881597753]
[2.3278577772731195, 2.7336266397948195, 2.593500779266498, 2.079348830887276]
[2.1130929104150966, 2.3813272794391005, 2.3832591355982653, 1.925530111061922]
[2.048570965844262, 2.255361260341979, 2.191366699432815, 1.843089434457917]
[2.2227326949875232, 2.5264360510148784, 2.4201069633194905, 1.9570570254276256]
[2.4808849377849866, 2.6536399257004843, 2.440407069305158, 1.9858125238213358]
[2.234411198561789, 2.543452927927782, 2.4307830702028173, 1.9982188291013994]
[2.910701747994199, 4.438070936337294, 3.6364222835551527, 2.318820669323677]
[2.154170535599872, 2.294298230116358, 2.2634740596959224, 1.9379780868776824]
[2.1028655618471155, 2.4450777173477722, 2.435424276219862, 2.073846706988441]
[2.173183651236005, 2.4738974450220534, 2.3917690218750205, 1.978690280413739]
[2.1035441544871127, 2.2971349396605945, 2.2451510212732653, 1.9507182788025936]
[2.0753131686489166, 2.416508599069155, 2.360845007140055, 1.9983481671611265]
[2.500940872913874, 2.7469847739953077, 2.494111434529989, 2.0190709061121184]
[2.093630053398658, 2.3049462602208215, 2.274651488348794, 1.9439760185029409]
[2.109909202255261, 2.3232465416625625, 2.310656362954562, 1.9648863023068408]
[2.0953392358602834, 2.2748460847111875, 2.2669954498789275, 2.0019752545901808]
[2.2169958460762937, 2.518327428123117, 2.4306532999453285, 2.0013813778377316]
[2.015418121685357, 2.2411198052293377, 2.229249823751017, 1.9640220073568022]
[2.367914035216824, 2.570389412312657, 2.4803796717377904, 2.015283159851382]
[2.2162355705471026, 2.4791140750033227, 2.399473514142781, 1.9798615940836282]
[1.936124994893055, 2.1250672429838104, 2.0543994817646207, 1.8089605434691816]
[2.1030316658249646, 2.311158967013197, 2.2705341157113867, 1.9898368629359666]
[1.9995811076438645, 2.2297839681066645, 2.1868095449828746, 1.8719517447374474]
[2.400735420485052, 2.931950680690054, 2.720010957465109, 2.046184704292453]
[1.9762992275369464, 2.274931882180238, 2.2620982914835532, 1.940676082005974]
[1.9918955384287929, 2.225430332148231, 2.221805380421074, 2.0444029830101087]
[2.0945643270602368, 2.375067282904358, 2.371178981310841, 2.0828702553383778]
[2.0057664366605152, 2.182434920053379, 2.161525181511198, 1.9058456760928633]
[1.971524378972345, 2.136748348553002, 2.092512109030456, 1.7614340866017357]
[2.0466923351147366, 2.1935399335613908, 2.1353565561584356, 1.8562122165702575]
[2.092427366560179, 2.3235653481513023, 2.265474708399276, 1.9581246231197116]
[1.9448121078457095, 2.1816948447154725, 2.1748713019966828, 1.9138452832022426]
[1.9950457949195248, 2.1325571561060412, 2.0947406373434645, 1.8241514931295415]
[1.9873741923534183, 2.2139395489640057, 2.186243115713133, 1.9156974820088697]
[2.1278930226592307, 2.4151623408283256, 2.3597151061441557, 1.9575314566337376]
[1.9175570371513595, 2.1907736102209774, 2.199209369726993, 1.9243147274806116]
[2.086829162753802, 2.270371500953679, 2.2529008873760183, 1.9420407440907974]
[2.212380149233104, 2.410805395762904, 2.34986892955731, 1.9506517632255487]
[2.3944385593613116, 2.699147867497275, 2.548577184677934, 2.1120066888370417]
[2.081941116383259, 2.338039428291353, 2.356418684018271, 2.009815450998491]
[1.9494820403901794, 2.1348833597114862, 2.1199386600713876, 1.8607889490486333]
[2.1080273919316164, 2.42185471685296, 2.3774627212262445, 2.041973925822876]
[2.1588818294374748, 2.335439189858005, 2.2604877710069613, 1.8838677357495892]
[1.914201397653686, 2.1823857590915106, 2.164172532158132, 1.864714521399694]
[2.100211102219477, 2.3534923849270157, 2.3291036019693148, 1.9660602125979827]
[2.0251294832686404, 2.1867671570665457, 2.199706945422626, 1.9533463195645593]
[2.513939635264633, 2.718661654553193, 2.5722149031086015, 2.1183260040171907]
[2.168734063819734, 2.376696316997533, 2.28578612282663, 1.9385695127340554]
[2.0197162754102154, 2.2656025255135916, 2.242127457102344, 1.9686019866702935]
[2.182667006303991, 2.383948569975147, 2.2846271815287253, 1.9345286254553578]
[2.2028378968641786, 2.426225155907567, 2.322323816713139, 1.9326415373767154]
[2.1135987140780483, 2.3526821775141804, 2.28237403811173, 1.9025356453268156]
[2.0336747162299775, 2.3525902862066896, 2.316143470081744, 1.9479153040153778]
[2.0921827247330937, 2.293664211599563, 2.2511334466218638, 1.937425538748028]
[2.409225606931431, 2.6575756164774336, 2.4539733375975588, 2.0085941033753376]
[2.311052424403776, 2.525439899302892, 2.41805209371523, 1.9757366683302315]
[2.3245016828403644, 2.6300008220007838, 2.576786018428364, 2.261066756548728]
[2.026620580435767, 2.1007573337383936, 2.040251366337063, 1.9123818420722378]
[2.1195378778161627, 2.3857668871385562, 2.348683458175993, 2.004059255496282]
[2.0340031638976357, 2.3527682398682757, 2.332783558177004, 1.9810260276455793]
[1.9799215012277147, 2.2752598306869296, 2.2904709924847246, 1.956173609193178]
[2.1917845252586243, 2.554192679635806, 2.4634819671983963, 1.9884228366389707]
[1.847416644410792, 2.0829160971688, 2.1021040790775136, 1.8802938526027995]
[2.3861104583551835, 2.7846596338908487, 2.704351166217056, 2.001520356110554]
[2.041949821166784, 2.215175741991003, 2.1373896988472265, 1.9251708908471874]
[2.0458892029309554, 2.250180052644456, 2.225163412254652, 1.9929311899878144]
[2.089197264240954, 2.3891831679019147, 2.3491929947698855, 1.9935289276258257]
[2.1091567136601785, 2.405983695681026, 2.4192684029551774, 2.0630129440403913]
[2.352382642345105, 2.542645918432879, 2.357161832407316, 2.060098820863957]
[2.051574149839051, 2.317267857207258, 2.293680732185485, 1.9682983056054273]
[1.99420907442109, 2.1921966195216154, 2.2285609690646004, 1.9759613656285875]
[2.1526485805155064, 2.370328003257279, 2.293481961226309, 1.9467927381062524]
[1.986864115140789, 2.175186779566578, 2.096053323732129, 1.8785847423456674]
[1.9797049294543727, 2.2499634318418233, 2.212016297087543, 1.879699840997567]
[1.9520731215370508, 2.2362723668073707, 2.282507755227802, 1.988757419026668]
[2.1513322712141707, 2.4497850781446204, 2.3883819890141686, 1.9953981480582332]
[2.097216012975184, 2.4337010064376594, 2.446923113486056, 2.077205168913579]
[2.5785843473239116, 2.8020284939800457, 2.572894527447687, 2.054970859819403]
[2.157955350737096, 2.591683684668245, 2.582902165311257, 2.1261774922881473]
[2.1251072391748433, 2.391728550613548, 2.3351325658585447, 2.1190250713125836]
[2.0655747923422085, 2.3760296816701048, 2.3860286578424414, 2.018436219556722]
[2.062691688730169, 2.42263169868599, 2.3368550502687437, 1.9686075563895329]
[2.4457268010269546, 2.9503319195604796, 2.741983971490856, 2.091774526780027]
[2.2884795751391156, 2.5302872338534406, 2.4389152054826737, 2.011608701448473]
[1.9323633864414307, 2.0376377432971995, 1.9761166378126531, 1.8759369591615882]
[2.1723526546499, 2.4330736208865953, 2.3365116014903147, 1.9784330915462827]
[2.107418936543016, 2.279379889758648, 2.2122939569905347, 1.9574350576773365]
[2.2616209690079194, 2.496095821682435, 2.4135971718723943, 1.9976139373231432]
[2.0790156350633517, 2.3501846452492723, 2.271516721907713, 1.966835658733792]
[2.021104257218657, 2.1843325600955468, 2.049064955375698, 1.7800203656709377]
[2.1452418910272937, 2.4114221159286804, 2.3682459143983454, 1.9892668248981928]
[2.9869751528016284, 3.792325295067068, 3.37894507647165, 2.3308305931574878]
[1.9136125777009838, 2.023384983534144, 2.0001827695311167, 1.91306385167001]
[2.0875678854783932, 2.316551330057061, 2.2349495171792735, 1.875643669569454]
[2.1139024638056108, 2.535332840095377, 2.560210478708999, 2.089504511718333]
[2.1391799471273534, 2.381490193284485, 2.345469202821198, 1.9835517633668627]
[1.9010581815370358, 2.110509313050331, 2.0746429248250053, 1.821952096424614]
[2.0242713970289565, 2.234247374870747, 2.1935145864565326, 1.896814415270806]
[2.1593983597177644, 2.482459213043441, 2.4616508012154314, 2.0526937085028893]
[2.167124741476427, 2.3636801514382193, 2.2953714628234327, 1.9113279784208685]
[1.9626423025001782, 2.214795265735748, 2.2109384934535004, 1.9482110566384563]
[2.284145499904413, 2.603049958914348, 2.490739450104713, 2.034149159465284]
[2.032241440550053, 2.270094550773753, 2.2340531221701307, 1.8893671161300492]
[2.106478016522079, 2.2715125841711266, 2.199074928171149, 1.993213040508015]
[2.3316758558741006, 2.5931239566438906, 2.4348163847071125, 1.9752028742590133]
[2.2430423820262586, 2.5612529153512162, 2.575869607103436, 2.02809274953863]
[2.3847138616003614, 2.6980800166924825, 2.5127365271859774, 2.0821286555423653]
[1.9175013916860408, 2.1004654289850193, 2.079274064451193, 1.8169562096116603]
[2.2343219610799956, 2.5908957630928127, 2.562640192444726, 2.122850844720909]
[2.207099033785952, 2.64316713167155, 2.672161785217646, 2.2415791140118158]
[2.111029168937463, 2.4184111173406397, 2.38257461305345, 1.9888790442335962]
[2.120342403227793, 2.512799405216899, 2.545389993926515, 2.1792922931586105]
[2.0786454186394434, 2.334283575493519, 2.2715751819034153, 1.9380835155662528]
[2.271750108745863, 2.6564694732847745, 2.5703698876498695, 2.072047128029649]
[2.3465185395652526, 2.5445237189894017, 2.4399175110710285, 2.026562454869001]
[2.0302844665471955, 2.248084873749697, 2.2357479203508146, 1.9731473410437084]
[2.2347651343638004, 2.4908797012134545, 2.3977563966872295, 2.0010998956467034]
[2.423310484231426, 2.779052105570104, 2.575530307971844, 1.954997690715743]
[2.129726221477187, 2.4169584766570624, 2.3960042186784576, 2.0078256234949268]
[2.0471202386753546, 2.2177109586429182, 2.2304053717437706, 1.9799154543272397]
[2.3840484034350364, 2.850285393234919, 2.7331620874897427, 2.170858530054699]
[2.061955977525134, 2.329402272190761, 2.2759923801776725, 1.9458687146929168]
[1.9620539688360528, 2.0249603505261997, 2.0289032466837242, 1.8304185095519119]
[2.076382064244989, 2.3458317507533515, 2.359353665438347, 2.035491702477142]
[2.2577063031805693, 2.569476745938276, 2.440929653095434, 1.967880903162826]
[2.3252002916704955, 2.570150973954423, 2.452275408904005, 1.9886517813011875]
[2.1987442483614927, 2.4775315537467897, 2.42503657392262, 2.065418915429599]
[1.9299877537741843, 2.1893710823355628, 2.245068957936105, 1.9971416032517448]
[1.9875643274157353, 2.2316114497737303, 2.1406042374753143, 1.8388128398979866]
[2.7143132443860316, 2.9750281573841817, 3.0213514905477794, 2.618579833360861]
[2.278717821724196, 2.491448284571068, 2.379601682567248, 1.971823724096016]
[1.8284026674794587, 2.241428948295803, 2.327622517338183, 2.046146684204965]
[2.205923375511814, 2.5756595533062656, 2.615238458998045, 2.1889821419867173]
[2.494256201924179, 2.9859999521389833, 2.7409174521427393, 2.081055685158767]
[2.1445723518935416, 2.587991677072313, 2.6079478933211213, 2.3102291062583262]
[1.9950779784314465, 2.0905408217867887, 2.0241815991120355, 1.813076764650152]
[1.9246774923339496, 2.1313252444741733, 2.1345852272608825, 1.8877454979310586]
[1.8611330958777372, 2.005584991791766, 2.0028858249590393, 1.8387000221542067]
[2.2168576558843798, 2.540743385377135, 2.468356891815224, 2.0225984853550516]
[2.067468317128345, 2.280906181238996, 2.2747580209926, 1.9786539218533072]
[2.103576005385143, 2.4802282537363385, 2.5096135429002993, 2.141114991500008]
[2.0661582168774104, 2.250068321319677, 2.2219706050529084, 2.0524786837642175]
[2.1081903417627332, 2.2678789258435166, 2.165027136369308, 1.8658104260791746]
[2.0526174603911054, 2.2641459383154063, 2.205809797681922, 1.8931304421068755]
[2.144173754852086, 2.4038752481799754, 2.3083682680937057, 1.9592821842949486]
[1.9248346337962785, 2.1022557229151606, 2.10075654476679, 1.935924176600132]
[2.0764159247690515, 2.1483645473666235, 2.036698174086075, 1.840764970378686]
[4.262039068661202, 3.7559934146904617, 3.205515408592847, 2.520491896124718]
[2.4333819438873854, 2.730169557748248, 2.58400260091206, 2.01615783356289]
[2.3577230338034254, 2.5835282662829333, 2.4578024102912748, 2.0099006814693987]
[2.2946824760697266, 2.554844326877944, 2.45787212375504, 2.156610109642024]
[2.209839581072263, 2.487817330319952, 2.3720485032045815, 1.9654425823881028]
[2.246038684715002, 2.4928756772469374, 2.367323595570115, 1.9894709360615452]
[2.165212931138686, 2.420467265449313, 2.3546803032742636, 1.9874854177588968]
[2.278356514472737, 2.5418389191648543, 2.468223594211104, 2.0164536985162362]
[2.1292686058714514, 2.3871167384208505, 2.3304074904501557, 1.964515243209354]
[2.345858718330272, 2.6953924456363696, 2.581788705583048, 2.058499067091061]
[2.182263919009085, 2.421051027229088, 2.3632988206785734, 2.1068157887624004]
[2.138774116129466, 2.342109756383854, 2.262661334364414, 1.8817101772765243]
[2.1408402130460495, 2.390951519952557, 2.3553489262677636, 2.042603575560817]
[2.0881534841059146, 2.3491675168918604, 2.3638234589974108, 2.0688782517667836]
[2.1228673087824346, 2.3882131418354136, 2.3016288620166954, 1.9112143073669827]
[2.1758621775002283, 2.402547449245828, 2.3176882364243996, 1.9345887170617975]
[2.1804723508382295, 2.342999756502327, 2.2687206779506925, 1.9462268751605618]
[2.1594388966624587, 2.4486331129316925, 2.4609308738716194, 2.0531903832933427]
[2.1157261602370054, 2.355412681048595, 2.2828233090985055, 1.9493598695141015]
[2.038385453935885, 2.195466097334856, 2.0989292632089005, 1.8794330755071535]
[2.080792357445323, 2.40169156624329, 2.395190589439828, 2.0094985183848095]
[2.0412037504288043, 2.325928999004768, 2.27534424257387, 1.9035079768281418]
[2.308827807106263, 2.5387749233227797, 2.463939620381429, 2.0429708243100317]
[2.1969271064285474, 2.4975615056548834, 2.458088955574208, 2.0440535356678926]
[2.1455456967267637, 2.2619969916693936, 2.2436985757255297, 1.9686567699774558]
[2.533369489365978, 2.6980151507531716, 2.6540618841239247, 2.3611989572265037]
[2.5738652774550106, 2.765656217229683, 2.578502783917027, 2.1122596019132156]
[2.028355843103653, 2.221685979285618, 2.13118898996255, 1.90990458343207]
[2.0261183026663456, 2.0758688279263824, 2.027326717427639, 1.8637513147710567]
[2.2399017435835358, 2.4143351486803613, 2.322551370951584, 1.9528349736775799]
[1.990085684258714, 2.162537175666973, 2.102667493729442, 1.827504875117643]
[2.144709309972333, 2.3631604879989276, 2.259470703444433, 1.9628820600081132]
[1.83696243470833, 1.985308825115668, 1.9705360120059912, 1.7963699911150446]
[2.032009753158291, 2.2224639575369234, 2.1799140021482097, 1.8790407788841474]
[2.5523832014082974, 2.61286484448252, 2.371177900275774, 1.8684594197444244]
[2.0846926376990473, 2.456448929446485, 2.432168656667521, 2.0317427158330554]
[2.3350284733767133, 2.334995392904502, 2.2368869114360064, 1.98260004849104]
[1.867332742008302, 2.005574653284308, 1.9643870065633948, 1.7551842480385433]
[2.171701056693398, 2.4208319236907943, 2.3042065685389765, 1.9862316423537292]
[2.120514275608355, 2.3852665415280474, 2.4209200094218684, 2.14320992651476]
[2.7535763457422098, 2.8900480111796436, 2.619540049786437, 2.0150668360513757]
[2.357523977372006, 2.64192533091594, 2.525126516526079, 2.1273078309825726]
[2.1978690248835226, 2.551852393697299, 2.479627379459718, 2.098678067226512]
[2.0648617620339262, 2.354889086761192, 2.2681574031114375, 1.9047854136681244]
[2.220958298664529, 2.4891502725527084, 2.390818924450857, 1.9789723531851213]
[2.0625143995803628, 2.2514574155771925, 2.241812479044968, 1.9557152248018554]
[2.377811855174043, 2.6318138423850126, 2.4649684855936314, 1.9333449400852074]
[2.1260634615309995, 2.3862571424553387, 2.342638371439858, 2.0010016679978575]
[2.013084541655321, 2.1576178007605678, 2.173838048547223, 2.0020478335382195]
[2.0726628937809677, 2.2942975470079787, 2.219233506913551, 1.887213493132937]
[2.0931944430890144, 2.3191252383529752, 2.294917581596233, 1.9324760562618213]
[1.960640614905601, 2.191796961568971, 2.219092316273971, 1.9214968224686224]
[2.6087457841725374, 2.6486010578561805, 2.376435759630209, 1.8714470388766937]
[1.9737846344165604, 2.2347816002216394, 2.2206497979867996, 2.0625606025679324]
[2.221321494264159, 2.4158264269516545, 2.315279795409446, 1.8834283822594118]
[2.2305716554861355, 2.4793780009381488, 2.403389041710277, 2.0028100481953084]
[2.0581917447803453, 2.2410206301888143, 2.2014551456971168, 1.9217596859264838]
[2.257982955565137, 2.5478230404256488, 2.496184269310268, 2.09274343296274]
[2.139430308044987, 2.353051026246901, 2.3480109839345618, 2.1038949098804505]
[1.9439135318962513, 2.145980503298825, 2.1734843730327915, 1.9334776077838784]
[2.3012741082004746, 2.724576710273732, 2.6582460320642087, 2.154965951627957]
[2.1934988946031884, 2.7125846774370603, 2.764232208317022, 2.1307460231829296]
[2.712915041561378, 3.8900948064742757, 3.1685786008669123, 2.0946040052234878]
[2.179223677827399, 2.5531029247857755, 2.533157083498124, 2.027013797527956]
[1.9323800460549023, 2.0523927276337335, 2.0004740080119103, 1.8222259654959723]
[2.1949218061573266, 2.6848896254482884, 2.6896294667012643, 2.1927673439254987]
[2.179733310099444, 2.489098848578127, 2.4758024483377747, 2.167878653492299]
[2.105193960536408, 2.1882354177555237, 2.1136676341198655, 1.8922850013926684]
[2.1371894150877306, 2.309398259032081, 2.208027176058859, 1.9491830212329522]
[2.2553649438138694, 2.455377998736903, 2.3923207231281043, 2.044149816755683]
[2.0819036849669676, 2.280240597980522, 2.2345927419243385, 1.9185103497072016]
[2.1062674818275857, 2.4015137458237152, 2.3344654664593305, 1.9455052265662955]
[2.3192133314954995, 2.6319905733603823, 2.499277784368591, 2.0428771366640897]
[2.019755906815911, 2.1784069367545005, 2.1367668843671797, 1.8670303803913169]
[2.4721739693645124, 2.949095872050267, 2.6421408485713087, 1.9743600253631879]
[2.6923164829745208, 2.937875459508095, 2.604028506286475, 2.037482516109113]
[2.204562616538221, 2.2225212415886744, 2.1031230140898947, 1.8630665068470371]
[2.1783110345736993, 2.389943119473655, 2.3317368526010025, 1.906318592033686]
[2.0247346118305742, 2.3130125045724563, 2.281575921498591, 1.9530089933540633]
[1.9966873079171221, 2.211835485594811, 2.1844197367392653, 1.8770791139326566]
[2.2117218984953593, 2.443886621705015, 2.3454217197959952, 1.9675524093413381]
[2.1013933540251806, 2.2602928468968244, 2.1724327704358126, 1.9381182510551433]
[2.165878939102328, 2.4616020761769724, 2.453265451271209, 2.0320559222700103]
[2.0771700662831623, 2.319665918801302, 2.311610440239658, 1.997239196707005]
[2.263139316621439, 2.417278218507036, 2.313557012293911, 1.9613423676223272]
[2.0311671859430636, 2.2293619361088317, 2.185728974538664, 1.989055946284982]
[1.9716273267150528, 2.123589795483669, 2.116773263517429, 1.929507895969986]
[1.902300750209011, 2.087072252693298, 2.049889763219659, 1.7915250173294521]
[1.9968766864213103, 2.219672405755259, 2.168874501981994, 1.8855110519948475]
[1.974887068830226, 2.121719037342757, 2.0825999674040716, 1.8512574021458832]
[2.226210387001092, 2.431344900401794, 2.3096888733482506, 1.924503852077753]
[2.1823067701283376, 2.403416677429636, 2.3063716235672755, 2.0207088642255173]
[2.206108074534971, 2.465719905320803, 2.365054124256357, 1.9927265121792432]
[2.0787390119265274, 2.335219123024998, 2.269025198249439, 1.9455676881931463]
[1.9955888635655508, 2.230614103558207, 2.2393338019178244, 1.9722995779894175]
[2.106060825695176, 2.361018647251631, 2.3132973423601593, 1.9983526005122771]
[1.9567001243309188, 2.160283478465181, 2.1642982468417933, 1.8736827070026614]
[1.985225386668986, 2.224350326998585, 2.2092650826476405, 1.9254057486623104]
[2.1668860682196893, 2.449229377567624, 2.4242272804249447, 2.0430647493916054]
[2.197677728279585, 2.3468534521158153, 2.2855678186210904, 1.9480880765496558]
[2.126898114232586, 2.370024496396112, 2.3191689947941105, 1.930250746616836]
[2.164977627783987, 2.3660975618429694, 2.368900109693668, 2.126114515465508]
[2.3312907958129023, 2.5418322669019418, 2.3302051807032798, 2.0109445823515655]
[2.100265004688429, 2.430498600325396, 2.4338648527277074, 2.070619024062566]
[2.0035662617946093, 2.1930333012448484, 2.166975274166585, 1.9021915855188354]
[2.355003276293763, 2.9264012964265707, 2.956190005361627, 2.314587651657624]
[2.1479980271215133, 2.404057437989461, 2.3133788706416403, 1.9113321763845672]
[1.9729965845557313, 2.243584312148563, 2.247861843294934, 1.9857335899171944]
[2.0629921316409336, 2.2668356998507524, 2.213183855868594, 1.883550576596861]
[2.055373033819823, 2.220434656280694, 2.2194894477922777, 1.962183815960355]
[2.1227540519909165, 2.3055403254296163, 2.2757832126846393, 1.9563673880720225]
[1.585563492275797, 1.1989034459893415, 0.9496559333932878, 0.9002354819655431]
[1.7267171711118539, 1.8217488359868672, 1.8778441568842301, 1.8322862673298208]
[2.0387480554872863, 2.3158477974852367, 2.290377003872612, 2.009917696217112]
[1.9983324047544009, 2.2508807749004482, 2.2328544033737887, 2.0571975087285974]
[1.8526710420545585, 2.0020280953022866, 1.9899044516311708, 1.8160618310811654]
[2.1707853144061175, 2.494268015315342, 2.453006124107913, 2.0464553348225136]
[2.0366886049756716, 2.3014337155646047, 2.272781203835777, 1.8955463767247143]
[2.123106612023464, 2.45945263811612, 2.4483259879941954, 2.0502990949035658]
[2.1308741526855357, 2.463007586153618, 2.3528622757214386, 1.9067912220264016]
[2.062979868127221, 2.2275299242338003, 2.228006006416446, 1.965539574027695]
[2.289785276591372, 2.5168009821967674, 2.371491825999832, 2.0164905013220973]
[2.3589227008813722, 2.649866446931973, 2.5451501374315586, 2.023105357302519]
[1.9487730874920446, 2.1456140329536426, 2.1228969155594446, 1.8911584024943644]
[2.1415382337206927, 2.3765467358740255, 2.3752804173729314, 1.9974704865330295]
[1.9845937277640486, 2.300522566900847, 2.2538655782147425, 1.901359542457371]
[2.0012759172124293, 2.2617272977333687, 2.2779817627793735, 1.977680629481602]
[2.0145747453206835, 2.243625000296916, 2.214018635096229, 1.8646325138694622]
[2.286059739599297, 2.540283964411207, 2.514691928428505, 2.0903124673018514]
[2.1282938429362104, 2.3691196480846854, 2.3763111483782025, 2.075077422828614]
[2.2489190433773674, 2.702955922819688, 2.6501814171301117, 2.148856038404819]
[2.223221021171921, 2.371570337460522, 2.2863491541054115, 1.9373581060438196]
[1.936242279619403, 2.1333199017099567, 2.1001152231672986, 1.8556461880720372]
[2.0696842018927333, 2.2115595231709975, 2.1705604043486035, 1.9456784080622085]
[1.2098414851009163, 1.1706951110030055, 1.0844897507983082, 1.2167710868041208]
[2.054621943777568, 2.3725676087743173, 2.364718385706392, 1.9955775836702683]
[2.1252292953399, 2.395814201225897, 2.3166475975159067, 1.9855660079107185]
[2.349182831351387, 2.7569760717140923, 2.62780433927269, 2.0692164491378673]
[2.282860280042741, 2.439643277712912, 2.423629214898601, 2.0513224377495685]
[2.2929731823753627, 2.6344461139629716, 2.533979367762236, 2.0250531896229105]
[2.0329331333049883, 2.210095657344855, 2.18039605911875, 1.9013552481584892]
[2.0755316076898023, 2.3362308849821267, 2.3502749120068533, 1.9673915497464498]
[2.3096421483125207, 2.559383382842397, 2.4669698806242333, 2.020205735585738]
[2.052025310694225, 2.365072501999441, 2.384651147032253, 2.0337327039174418]
[1.9085841742188978, 2.0310736790735944, 1.9646011511584003, 1.7043495585139683]
[2.0978777209867836, 2.3333299347703944, 2.2882239464021517, 2.0875723622672013]
[2.345215278709416, 2.611275951856138, 2.5160029760528166, 2.073213567449639]
[2.560637476445028, 2.74895934795484, 2.6178384979045526, 2.2716989261430083]
[2.391285611242612, 2.575939298749253, 2.4498305301688235, 2.055337505406742]
[2.1308658595886962, 2.4423689010764424, 2.427192985229082, 2.0484123064477537]
[1.8918999849084464, 2.439838040476146, 2.6611862377310507, 2.1210809625403844]
[2.025457973950111, 2.26002826541654, 2.2286790019794442, 1.9280006405507226]
[1.9337470371980492, 2.028967805125391, 1.964326321486248, 1.7685226777298118]
[1.9039239715736438, 2.0676863411551816, 2.057062459866224, 1.8849530818655693]
[1.9042826278443357, 2.1428442379402943, 2.126771924078504, 1.8674552898247583]
[2.1008120692616417, 2.416099916188192, 2.4045989416313596, 2.0074003836001433]
[2.056543638018282, 2.2924951431503633, 2.219967763832343, 1.8780975331047185]
[2.1551864594255514, 2.4719957215774917, 2.4456159660159122, 2.033896029541887]
[1.9790112643459905, 2.1566490840635915, 2.16051545554676, 2.0061470082855366]
[2.411459745802833, 2.7398612560375706, 2.5614728419003114, 2.0312984696116736]
[2.1814166647771653, 2.3397837124132232, 2.286515870294058, 1.9343005173220056]
[2.457027094897314, 2.8014677555818923, 2.573632865172392, 2.046126825429878]
[2.3564484842436997, 2.614000383582298, 2.444374091240842, 1.9615998343754761]
[1.9582691028266075, 2.206367691393856, 2.21347396510708, 1.9901482639378105]
[3.27648813155129, 4.483648024623489, 3.4427731398847956, 2.338124359353194]
[2.0132939740777354, 2.2314309700204533, 2.181674567990539, 1.9313437859515008]
[2.2032989380587957, 2.5187353053708894, 2.514658744586608, 2.0375867266856442]
[2.3519191609077748, 2.9969631111006856, 3.089864731285552, 2.5054901208346627]
[2.005286333482948, 2.24198665419436, 2.228028953338273, 1.897891498414327]
[2.17331376732637, 2.413886476716866, 2.366637930955168, 2.015184303934368]
[1.9953876056211168, 2.1937492759057284, 2.157019667249699, 1.9405526181536024]
[2.1657694130096425, 2.3251606320942835, 2.273388999699434, 1.9411130380805304]
[2.0477704671890224, 2.220823198409371, 2.2030996448140567, 1.9174654056057314]
[2.0751691082113086, 2.401967017866677, 2.396523745922796, 2.04261069660015]
[2.1242508108423817, 2.4331635869476766, 2.4531664524646626, 2.153134252387887]
[2.2520518864107566, 2.4892735036219866, 2.370356811769058, 2.0925917879083333]
[1.9362105039471724, 2.045803214482616, 2.048276688548472, 1.8591429629120126]
[2.162526874502735, 2.3853578450814985, 2.32443250596424, 1.9011904396833685]
[2.0430001279203043, 2.31243684575209, 2.266591408918241, 1.901716494874436]
[2.104426560401148, 2.409889188952577, 2.3978366449075175, 2.028571601369422]
[2.107572032043212, 2.4434424068448704, 2.4065580284249948, 2.0098472873522986]
[2.106245518455225, 2.353831066944776, 2.2505165554546886, 1.9787745517729385]
[2.0614923695145086, 2.4003840360807507, 2.4090767031641205, 1.9930348588321203]
[2.0036889051168507, 2.221665320784532, 2.1959468423173423, 1.9546334975855604]
[2.101112771972257, 2.3742141935970285, 2.3323794417619084, 1.9640006999710447]
[2.1288565849927363, 2.208660396552348, 2.121284243854706, 1.9176557694608711]
[2.087349463423732, 2.337017090477913, 2.2834180855570474, 1.9961906743301618]
[2.156574603075038, 2.4052691629198155, 2.3679023115056816, 2.0760827911359576]
[1.8697325235724964, 1.9819506567639085, 1.9913939646717802, 1.8525360608370933]
[2.324374420086291, 2.6030332578015605, 2.50339725484508, 2.092589280829786]
[2.2688456396591974, 2.6098729658786284, 2.4956552805717926, 2.0530021649948114]
[2.0836336483784548, 2.394669132278436, 2.441727733921843, 2.0851546677296926]
[2.092959383939132, 2.44700139448139, 2.410179546826492, 2.007946537922352]
[1.9098504776320242, 2.191013925606744, 2.2021130194597363, 1.9244091748515153]
[2.1077990127338007, 2.305052221436594, 2.2371526638169166, 1.9065214897552238]
[2.20957887800391, 2.492243167214285, 2.495306930451045, 1.9975217392219966]
[2.2126294433537907, 2.414976792398444, 2.2797047259617327, 1.9724574669120414]
[2.0992109262760117, 2.387967087325351, 2.4351092595665365, 2.077330498239457]
[2.181869160274379, 2.4908836123015416, 2.3514839271575707, 1.9572970679956323]
[2.0839132948353467, 2.2943781908516314, 2.2894507171083207, 1.969219784733012]
[2.0733974240416404, 2.189796802282361, 2.1276016390805643, 1.9211034542067214]
[2.175419219332355, 2.583154030496753, 2.496976458471742, 2.0000485857289925]
[2.220266455821383, 2.4526653310511186, 2.427846424308919, 2.0627091842394853]
[2.0790725692082743, 2.3242202046592455, 2.3389369445391424, 2.0302761360592876]
[2.4168242460974922, 2.5276284030594174, 2.3272131563448712, 2.075761932297531]
[2.171497871729573, 2.482542489010619, 2.412190581442153, 2.0023365803927127]
[2.1099781139504636, 2.455027579563074, 2.4308343258954546, 2.0209313847251025]
[2.2986489004061994, 2.503985806052933, 2.4289042510037406, 2.063591934584614]
[1.9535228635950603, 2.2343885427186887, 2.2729284891084887, 2.079704993964718]
[2.142912376108657, 2.3927192116724867, 2.325176978566649, 1.9649820762123766]
[2.14273150624359, 2.309187682999493, 2.215915223321945, 1.9029559721804385]
[2.0579387721915694, 2.4064790967069105, 2.4356101105051042, 2.0463163721163293]
[2.1436017618924694, 2.4007369291503577, 2.3640186486736923, 1.9799042317852673]
[1.9149131035484415, 2.070156026104972, 2.02714199606047, 1.8216404646510518]
[2.1466294197245643, 2.3702969870328108, 2.296631941793734, 1.9454361451772149]
[2.045944734240058, 2.2455802166733236, 2.261571866274426, 2.0158666672116428]
[2.0011372768505504, 2.3751926821520772, 2.385955846541189, 2.1520506254197804]
[2.2406222158618987, 2.555555736487329, 2.459387001291615, 2.0244042258361428]
[2.0753491557082913, 2.310808003300031, 2.3009553086511114, 1.9668426666736474]
[2.0355600571158465, 2.228831474509892, 2.223383688016341, 1.871624212540245]
[1.954347751579893, 2.140530952877902, 2.1085900332346768, 1.9131863767917525]
[2.0529484141539, 2.3530993715031583, 2.3746267157374747, 2.0226219149911526]
[2.0381334439947603, 2.223845630808585, 2.2487202701162587, 2.032568510781797]
[2.1739172961907243, 2.5854731101063293, 2.5546542553448988, 2.049353976730825]
[2.188106070835917, 2.4396108202133564, 2.3772554625361577, 1.9533183065467687]
[1.6966332239631134, 1.9230277117852312, 2.0079701025687395, 1.7855244998680837]
[2.1582760911505234, 2.539501096347021, 2.507664375497072, 2.115820055161433]
[2.374225687733204, 2.5870025771496064, 2.3849185472927936, 1.9870654157534708]
[2.1342730569562516, 2.2837426583500076, 2.2192463238050357, 1.960045609169781]
[1.969005408993033, 2.0854508736971087, 2.0218497440208476, 1.7889346026743722]
[2.274385972072707, 2.5317816822489942, 2.4442508160758547, 2.102549201976583]
[2.0095330152369804, 2.147862395246804, 2.1239022055769867, 1.9286179788477484]
[2.0279574206403232, 2.3202780690534253, 2.323225963502743, 1.9841453972407126]
[2.414288130770379, 2.49099174713033, 2.3108625012670707, 1.9302681871740601]
[2.096282601868051, 2.453344907372639, 2.4564005052671964, 2.0312268178609263]
[2.029985320235582, 2.274774008447096, 2.246196351674742, 1.9445341975803119]
[2.0771696142111806, 2.2860360381737044, 2.209064105398502, 1.921692178277841]
[2.0005443172338215, 2.1989974407668615, 2.1898142434278176, 1.9306510918359747]
[2.0816806850586156, 2.3183675943204043, 2.317255524635819, 1.9807496597215242]
[2.1230191071996076, 2.407553589124455, 2.317559992672773, 1.896986783547827]
[2.299137543284702, 2.5307703117365348, 2.350114097640027, 1.9682530601519692]
[1.9991625021832327, 2.2509124790309127, 2.205231947580113, 1.873900441509727]
[2.0377286021759065, 2.3213431649894765, 2.257756769343281, 1.8526115482515908]
[2.1535607904200176, 2.3538012054255195, 2.299302571259139, 1.9634959823640228]
[2.01485293583567, 2.1685071011498134, 2.179172258282085, 1.9357867070829988]
[2.130559970886148, 2.376950872958659, 2.288551045868081, 2.0118850903894114]
[2.1026282483945296, 2.2663485403867094, 2.1501186027898442, 1.9129229552038562]
[2.15157648618155, 2.344286038508929, 2.336265309687997, 2.0347705332119]
[1.585973191611896, 1.7924287408683177, 1.8664478230499741, 1.7319679828193735]
[2.1990033625693313, 2.454516668142977, 2.346459723178008, 1.9540333609022709]
[1.8611375925721563, 2.0638722054205987, 2.04748685572899, 1.8257660150736854]
[2.096701640748826, 2.2869715611376877, 2.2252163331932886, 1.9905981324798514]
[1.9941986019246176, 2.1838022622889284, 2.1804895402164486, 1.9204245325862197]
[2.1019133875333265, 2.4717984619881306, 2.4437096527746514, 1.9968940621910778]
[2.216299849284966, 2.517957636765319, 2.5198386045640757, 2.0826057991935825]
[2.1005929900789733, 2.3132336702881444, 2.1903363611039044, 1.9631440778107043]
[1.97319674062603, 2.3121433063655963, 2.2986673809934337, 1.9862080987468202]
[1.982768770569226, 2.072832311872151, 2.019288358072733, 1.8208956720207392]
[1.992350258663933, 2.2598732813447753, 2.268454344249464, 1.9721667150778108]
[2.1720760454763712, 2.5076449596708126, 2.458989175693667, 2.159893830931489]
[2.4183970340838004, 2.6319502855954764, 2.4278261060605644, 2.0664742124346116]
[2.1888288654648194, 2.6710130401599774, 2.6797374404834833, 2.1132570889639073]
[2.1887207236318442, 2.4258550889436523, 2.3616355246291527, 1.9697530781676704]
[2.119123183866826, 2.188831663252557, 2.066532243996611, 1.8275695045713218]
[2.516107110160072, 2.931691457931096, 2.7987744011358373, 2.1064459156440267]
[2.4264594260033787, 3.658722033933772, 3.6643084112361315, 2.588879945899257]
[2.132773088576455, 2.3994407223330416, 2.3431714292398587, 1.9443967043366446]
[1.971026043610987, 2.2192622598551117, 2.2223471171574394, 1.9575186944560954]
[2.2690244928196943, 2.5487847990944585, 2.4241237055526756, 1.9853336946271773]
[2.2920462814941436, 2.604710355460149, 2.489119647494707, 2.0721631947528145]
[2.138708162073243, 2.327783942400706, 2.3052370172704175, 2.0041182362930208]
[2.1277090069443285, 2.384084747065819, 2.3394163920188307, 1.9276862755467408]
[2.029657842666086, 2.360867317580385, 2.4176682953209196, 2.061383811253679]
[2.2486471539694546, 2.5275209823246167, 2.5015205904226385, 2.0163776782226743]
[2.0174235210306333, 2.293665520793535, 2.2730171294018935, 1.9431709911712383]
[2.0931594213446623, 2.3715075813129727, 2.3743956896962106, 2.001126555671574]
[1.9686926282081574, 2.1540689297334024, 2.1293993497655257, 1.9364893257549476]
[2.018655970210936, 2.3092992853034175, 2.2579173176273795, 1.955447908977564]
[2.0449156389014482, 2.187256657634134, 2.152010749308181, 1.9268641875057824]
[2.1607824364724, 2.5627159357049853, 2.5609496692527984, 2.0825004021566764]
[2.398076830627872, 2.7722901074842476, 2.582481123504794, 2.149058187698285]
[2.071716536445744, 2.372750214608555, 2.3460031691531356, 1.9772531133381843]
[2.085801455493112, 2.219300167787864, 2.176525277986979, 1.9248646045146796]
[2.105274613077339, 2.3711318571316267, 2.3140742913511567, 1.954230100129801]
[1.9512755469040932, 2.1659791037455474, 2.1652335652656145, 1.909910142301768]
[2.092489235184818, 2.258732301309263, 2.177016315179618, 1.9354833940468001]
[2.463557000812009, 2.78380021208681, 2.630981357278386, 2.0524515923456352]
[2.135859871060938, 2.3480818730975335, 2.2755210012822076, 1.8874055156077085]
[2.055909365156038, 2.213710584837178, 2.1141251041047733, 1.8847985554297948]
[2.285694610199369, 2.573924034327595, 2.4868834515079485, 2.037620135017116]
[2.005536414383853, 2.283084608747005, 2.2823804774306713, 2.004114831549771]
[2.118842921612628, 2.28818286064935, 2.192634807402431, 1.852200218832611]
[1.995187388650727, 2.196263910669394, 2.2125734118726044, 1.9353105562411392]
[2.127631066536307, 2.3758357663522998, 2.3188939163299813, 1.9672965126483695]
[2.133905545678488, 2.3424202250046338, 2.2886047984042945, 1.956892773648508]
[2.0893444903883616, 2.1866823135003965, 2.073906011134314, 1.8462157598007851]
[2.1603050339517043, 2.3316453675581506, 2.2914871157896344, 1.9897380292006395]
[2.2536850100485584, 2.5192920935230942, 2.5395153087621427, 2.170775079686085]
[2.5060024388895226, 2.7491572419535215, 2.548533122444283, 2.0169934462437276]
[3.3234929311847217, 4.4340481623207335, 3.637073027544045, 2.4377081921112698]
[2.2517479544832404, 2.4176963112265546, 2.2979402186070366, 1.9684831670490197]
[1.957443658764381, 2.207200656077822, 2.1798006590617964, 1.894938857077931]
[2.0870833072130104, 2.262670945537398, 2.2063279954170505, 1.912584110232665]
[2.042214500406255, 2.2797140635884334, 2.2336526348507397, 1.9122688552488036]
[2.0805814311896698, 2.222150451678597, 2.217061435748397, 1.9954631766847921]
[2.1018737827657743, 2.3502256676792945, 2.3561353762702906, 2.0449998975782115]
[2.1860716216982543, 2.333430981374609, 2.247356698280402, 1.9007641021785218]
[1.9505497052156653, 2.3144639199589214, 2.3403093560771615, 1.904541504556888]
[2.1891199569575694, 2.4266971078375357, 2.3871601505684024, 2.008145492868197]
[2.1825471577517623, 2.374596543529936, 2.370962564928832, 2.0422017432131643]
